10.148799
10.042962
9.811478
10.386069
9.924591
10.194019
10.182798
10.162710
10.464243
10.353357
10.450912
10.438613
9.820226
10.706057
10.529586
10.395906
10.295959
10.511824
10.058273
10.151920
10.130750
10.324046
9.864761
9.624532
10.279124
10.192334
10.265936
10.513741
10.186744
10.029088
10.065883
10.242230
10.082970
10.032254
10.055185
10.223082
10.171874
9.931757
10.197563
10.294220
10.390876
10.270100
10.573724
10.464060
10.361895
10.242567
10.474650
10.552402
10.364994
10.575912
10.323431
10.390805
10.400917
10.382850
10.234010
10.128590
10.138100
10.273732