
10.409846
10.401157
10.282145
10.229940
10.366149
10.335847
10.527300
10.334866
10.452780
10.549003
10.399851
10.383732
10.481164
10.419610
10.463005
10.609457
10.507368
11.109473
10.844816
10.825041
10.575297
10.772249
10.698886
10.693825
10.759607
10.550542
10.867620
10.659967
10.566819
10.651031
10.460170
10.326648
10.122542
10.421372
10.375593
10.508462
10.586438
10.719499
10.700904
10.586380
10.637498
10.614164
10.491648
10.410027
10.467217
10.649816
10.763808
10.487452
10.355972
10.544317
10.559944
10.629896
10.475532
10.682287
10.390407
10.579406
10.459497
10.530549
10.514922
10.469619
10.425310
10.275431
10.289315
10.328275
10.524494
10.560662
9.987603
10.206110
10.235746
10.173382
10.095329
9.969664
10.226087
9.946935

