10.731929
10.764192
10.631411
10.989437
10.809302
11.142389
11.036927
10.835469
10.963864
11.194787
10.769919
10.813168
10.916599
10.929780
10.949201
10.839137
11.004977
10.990967
11.072288
11.057882
10.965802
10.873693
10.733205
10.839409
10.737116
10.985882
10.853919
10.813315
10.798366
10.874065
10.894521
10.902633
10.921694
10.881919
10.957957
10.965074
10.580670
10.578164
10.698062
10.574923
10.676661
10.697937
11.068231
11.028628
10.898976
10.760508
10.770364
10.550481
10.649473
10.387001
10.379326
10.504966
10.453136
10.562087
10.589313
10.434861
10.510544
10.543733
10.881829
10.664425
10.695392
10.995471
11.072724
11.138427
11.223313
10.981396
