1.884783
1.937501
1.811550
2.178103
1.925974
2.101155
1.754108
2.027398
2.300687
1.840551
2.082914
1.878081
1.847007
2.094058
2.053504
2.399140
2.318851
2.321368
2.478152
2.449783
2.465808
2.385095
2.486488
2.582265
2.699956
2.656352
2.809560
2.740302
2.811344
2.706539
2.632048
2.621666
2.309324
2.198192
2.365417
2.494139
2.510221
2.281253
2.279752
2.128271
2.040621
2.361462
2.252114
2.082690
2.176207
2.129449
2.295240
2.187442
2.294406
2.276735
2.234728
2.246578
2.407890
2.183754
2.098761
2.030305
2.142769
2.134518
2.138319
2.184018
2.081364
2.053519
1.969388
2.151723
2.188889
2.292348
2.088196
1.922964
2.183538
2.230155
2.028068
1.924238
1.990337
2.275143
2.341440
2.082514
2.162812
2.249343
2.351055
2.334911
2.470968
2.218606
2.217385
2.216164
2.181073
2.141288
2.635461
2.339029
2.235914
2.387026
2.403012
2.363598
