5.848288
5.067501
5.397764
5.728026
5.473771
5.759898
6.046025
6.093279
6.140533
6.187788
6.001243
6.526023
7.050803
6.760991
7.394285
7.546861
7.380891
7.214921
7.193570
6.972660
6.957210
6.487121
7.085128
8.005645
7.514318
7.022991
8.023575
8.021518
7.682845
7.900146
7.781061
7.677523
7.892809
7.683223
7.749106
7.264275
6.912908
6.675591
7.642061
7.587271
7.532481
7.608697
7.234352
7.134098
7.300464
7.099922
7.557488
7.145295
7.045136
6.944978
7.004320
6.927563
6.850807
7.000073
7.073454
6.949216
6.250088
6.665184
7.555979
7.882376
8.208774
8.786086
8.916749
9.047411
9.178074
9.308736
9.237871
