10.155087
9.820849
10.313666
9.824956
10.056092
9.903734
10.313183
10.345773
10.035033
9.846660
9.786455
9.991242
10.317636
10.315059
10.319751
10.542765
10.369505
10.197570
10.199712
9.898020
9.954626
10.329420
10.199639
10.321958
10.609311
9.990318
9.993651
9.497762
9.972589
9.862062
10.234160
10.292719
10.094589
10.096336
10.243388
10.171515
10.020608
10.193013
9.988387
9.907716
9.810695
10.020174
9.840667
9.917289
9.971500
9.959635
9.866484
10.246877
9.789004
9.833419
10.192609
10.149736
9.897247
10.064146
10.118460
10.006704
10.042122
9.987749
10.098614
9.887442
9.940874
9.967943
9.756952
9.868480
9.796281
9.944985
10.077555
10.156237
9.980321
10.191754
10.045854
9.747418
10.148128
9.885203
9.919982
9.896217
9.776828
10.243637
10.260650
10.090897
10.056989
9.986061
10.232328
10.044067
9.852366
9.723332
9.922583
9.909403
9.753510
9.987739
10.013058
10.062836
