6.850375
6.863353
6.809804
6.812097
7.036966
6.872859
7.032851
7.151789
7.052861
6.853784
7.192570
7.130443
7.085510
7.052312
6.959504
6.685347
7.018718
7.188295
6.966669
6.782867
6.994020
6.757861
6.864526
6.843796
6.885179
6.907297
6.886605
6.951961
6.788039
6.885944
6.799355
6.915688
6.781817
6.844739
7.008038
6.722014
6.527960
6.683664
6.538646
6.591196
6.727364
6.671318
6.828005
6.786962
6.686470
6.690684
6.738906
6.731402
6.619592
6.777980
6.784868
6.780852
6.808946
6.781342
7.071174
6.940570
7.051966
7.171248
7.292663
7.170173
7.354961
7.435370
7.425718
7.418408
7.460024
7.462282
7.551899
7.440390
7.501515
7.771545
7.453911
7.674226
7.220048
7.404934
7.612853
7.824312
7.784215
7.860068
7.758904
7.855553
7.749393
7.540481
7.543857
7.650805
7.684120
7.533888
7.482593
7.671520
7.582175
7.431823
7.677079
7.876879
7.488154
7.692853
7.684348
7.601069
7.638160
7.690843
7.801273
7.918951
7.841594
7.870618
7.792077
8.030798
7.570142
7.742624
7.716942
