8.818484
8.677704
8.478119
8.425856
8.585776
8.576500
8.604929
8.609582
8.539745
8.697247
8.667276
8.836198
8.881285
8.584946
9.042625
9.027451
8.819947
9.007814
9.237535
8.958585
9.001842
9.128455
9.400858
9.562133
9.211264
8.979569
9.174752
9.180353
9.322241
9.451101
9.279467
9.298849
9.065101
9.289074
9.513046
9.334320
9.537910
9.404037
9.503413
9.319072
9.257213
9.363151
9.302173
9.416652
9.389865
9.584191
9.349083
9.182618
8.964440
9.260534
9.610797
9.868731
9.786802
9.700465
9.299304
9.382770
9.675599
9.723386
9.666129
9.934749
9.647103
9.846131
9.975821
10.036756
9.840721
9.936280
9.737616
9.354419
9.686437
9.525879
9.480616
9.487058
9.401598
9.312537
9.479098
9.297697
