8.012129
8.164430
8.302595
8.176757
8.162623
8.101771
8.213672
8.225510
8.045703
8.031086
7.856984
7.936211
8.000774
7.649873
7.737152
7.766496
7.937742
7.739040
7.837274
7.976473
8.016600
8.078289
8.199357
8.128880
8.015481
8.232994
8.012554
7.926469
7.888584
7.935556
7.870385
7.958483
7.714954
7.909198
7.803648
7.743426
7.644143
7.737167
7.862724
7.677510
7.749531
7.832255
7.760412
7.846156
7.907670
7.856932
7.726198
7.644655
7.614808
7.587129
7.477404
7.635747
7.710555
7.566608
7.746186
7.832748
7.941123
7.651608
7.691876
7.821589
7.811837
8.065270
8.055140
8.276534
8.003556
8.123515
8.037593
8.084262
7.965743
7.907483
7.846828
7.943246
7.983965
7.842240
7.829622
7.579761
7.689071
7.798382
