10.887478
11.010439
11.279355
11.375320
10.951228
11.141514
10.908680
10.863066
10.742740
10.619928
10.685897
10.217840
10.609518
10.736083
10.658940
10.759332
10.472574
10.819674
10.734123
10.659235
10.551537
10.732086
10.511918
10.552438
10.356281
10.514767
10.564435
9.780331
10.508232
10.258425
9.917767
10.221602
9.924274
10.205020
10.025430
10.027178
9.694490
9.951343
10.042023
9.626650
9.725336
9.952128
9.567993
9.224086
9.479483
9.452132
9.436706
9.203718
9.268385
9.422778
9.484950
9.717922
9.165152
9.278664
9.183259
9.561670
9.468191
9.332696
8.633291
8.855712
9.078134
8.935676
8.611492
8.967265
9.432043
9.067296
