9.859277
9.869148
10.069661
10.668689
9.795554
9.641271
9.762966
9.924327
9.688182
9.616893
9.885281
8.992715
9.597583
9.916049
9.458496
9.581229
9.709959
9.968891
9.622169
9.920200
10.218232
10.632104
9.852120
9.834325
9.816529
9.753724
9.289172
9.617364
9.945555
10.001293
9.976163
10.093934
10.208250
9.911394
10.057523
9.976009
10.018469
10.023931
9.866519
9.862246
10.004990
10.147733
10.360099
10.380454
10.324758
10.180066
10.280043
10.205636
10.169891
10.112270
10.385376
10.357184
10.328992
10.459307
10.667394
10.198706
10.384460
10.452480
10.464748
10.477016
10.340464
10.332961
10.000052
10.318629
10.198405
10.078181
10.124200
9.996315
9.868431
10.126369
10.256872
10.169695
10.336156
10.382455
10.364402
10.346349
10.328295
10.204263
10.298736
10.393209
10.376885
10.360562
10.344239
10.164113
9.770710
9.880872
9.845585
9.897260
10.056763
10.106064
9.741274
9.664841
9.900086
9.808966
9.891410
9.624566
9.727009
9.904784
