1.717008
1.969154
2.080644
1.950061
1.819478
1.448320
2.195129
1.994491
1.887825
1.704937
1.690214
1.579922
1.791277
1.835731
1.401010
1.658811
1.708673
1.677307
1.640966
1.805766
1.843656
1.884577
2.037556
2.074877
2.125574
2.216646
2.187560
2.182975
2.111102
2.250530
2.389957
2.631844
2.699668
2.635320
2.774847
2.749909
2.780454
2.512212
2.682427
2.693839
2.822511
3.662494
3.045163
2.427832
2.514003
2.475282
2.633961
2.524107
2.560092
2.340339
2.426195
2.519263
2.316649
2.540259
2.392331
2.244404
2.273148
2.217887
2.480330
2.327887
2.604327
