9.610939
9.452710
9.103756
9.225357
9.099545
8.993452
9.281153
9.023757
9.159413
8.944022
9.029668
9.008930
8.787508
8.818999
8.802192
9.036068
8.685828
8.867679
8.593107
8.295254
7.875993
7.896741
7.833240
7.792501
7.510507
7.758945
8.007383
8.255821
7.745249
7.781674
7.818099
7.854524
9.078820
9.172721
9.316432
9.179142
9.405252
9.476130
9.491084
9.498185
9.388677
9.416426
9.210994
9.430787
9.491951
9.545088
9.423480
9.179552
9.769216
9.388228
9.480004
9.629674
9.675152
9.649291
9.594070
9.484423
9.628560
9.719630
9.698150
9.765228
9.582859
9.613694
9.596881
9.812226
9.773922
9.888651
9.800941
9.676364
9.610576
9.380205
8.990379
9.715889
9.608139
9.727529
9.711064
9.568984
9.527485
9.488958
9.421027
