
10.504465
10.215571
10.565225
10.604831
10.646920
10.662108
10.559618
10.588901
10.401916
10.424046
10.507283
10.446607
10.457617
10.017003
9.997763
10.231296
10.241863
10.587230
10.169021
10.284314
10.143928
10.575595
10.524969
10.737393
10.983491
10.693274
10.754271
10.538836
10.583791
10.383833
10.529390
10.667730
10.283450
10.311718
10.392363
10.273433
10.094145
10.009400
9.819119
10.131667
9.756553
9.844607
9.919098
9.942700
9.974967
9.771932
10.099038
9.785844
9.965824
10.173905
10.077265
10.044052
10.014828
10.184218
10.097513
10.001264
9.945586
9.832451
9.821221
9.650386
9.857698
10.032443
9.650498
9.555028
9.557300
9.538904
9.450661
9.683109
9.579134
9.430983
9.705059
9.740006
10.008743
9.785852
9.718236
9.795112
9.867947
9.668105
9.809355
9.934764
10.625888
10.349658
10.497139
9.982991
10.037304
10.269851
10.084518
10.104702