7.802731
7.718837
7.634942
7.918524
7.607014
7.997774
7.972540
7.947306
7.922072
7.673207
7.667716
7.608586
7.542735
7.629421
7.388289
7.629402
7.258887
7.030465
6.802042
7.287143
7.359917
7.056310
7.190050
6.992013
6.911032
6.989147
7.001940
7.014733
7.027526
7.157541
7.118537
7.079534
7.081030
7.430658
7.376847
7.539386
7.389425
7.387405
7.580450
7.517258
7.193644
7.054293
6.778318
6.502344
7.131773
7.342994
7.328071
7.181985
7.035900
7.291201
7.546502
7.801803
7.013129
7.297588
7.257753
7.176723
6.951722
6.956842
