5.972204
6.046136
6.163302
6.003989
6.165920
6.158063
6.272317
6.050171
5.877904
5.849949
5.839932
5.829915
5.730791
5.795691
5.756575
5.180760
5.818195
5.983151
5.899807
6.044973
5.640781
5.718876
5.632428
5.830184
5.982823
5.921097
5.831225
6.040035
5.695141
5.929467
6.016118
5.663679
5.510448
4.978693
5.650505
6.059458
5.754640
5.764282
5.694940
5.741969
5.867857
6.718516
7.116953
6.256782
5.502806
6.221753
6.236752
6.378169
6.407895
6.192591
6.236647
6.046209
5.948931
5.983400
6.152730
6.206620
6.299981
6.221949
5.858861
5.495773
5.039664
5.151331
5.193863
5.236395
5.278927
5.170914
5.333192
5.495470
5.657748
6.647906
6.503145
6.408781
6.651101
6.526093
6.698710
6.609815
6.663287
6.716760
6.448647
6.610252
6.493001
6.248561
6.493516
