6.880634
6.664196
6.757161
7.009804
6.475626
6.923150
7.207240
6.950325
6.840139
6.969683
7.393508
7.286476
7.464894
7.177776
7.324957
7.434604
7.606319
7.533978
7.420163
7.716774
7.955773
7.880824
8.006045
7.838352
7.670659
7.709725
8.023002
7.833695
7.875992
8.033745
7.795579
7.886473
7.605726
7.793384
7.812101
7.745411
7.826347
7.907282
7.715390
7.523497
7.537514
7.840144
7.453655
7.780651
7.788813
7.519961
7.320132
7.186519
7.428676
7.217665
7.413504
7.198734
7.284117
7.524022
7.597668
7.671314
7.744960
7.627997
7.512955
7.596999
7.671903
