8.060426
8.416658
8.327660
8.089399
8.037555
8.311142
8.552044
8.531215
8.373826
8.411728
8.225527
8.333828
8.235078
8.297852
8.163679
8.351465
8.244508
8.604517
8.411576
8.358270
8.734298
8.339949
8.175358
8.444343
8.318278
8.367690
8.351921
8.486393
8.364350
8.220276
8.274983
8.197340
8.450768
8.036930
8.071465
8.053172
8.119625
8.286597
7.884212
8.267573
8.014230
7.989563
8.106848
8.018256
7.886318
8.116003
7.491767
8.348558
8.089451
8.099144
8.067825
8.144948
8.210933
7.349241
6.826780
7.234873
6.581809
6.380227
6.178645
6.123127
6.067609
6.616608
6.459399
6.302190
5.325163
