12.015998
12.048077
12.030124
12.012171
11.994218
11.934996
11.892426
11.689086
11.599780
11.512870
11.620245
11.483593
11.573900
11.524268
11.599680
11.791588
11.758224
11.601616
11.882756
11.869256
11.855756
11.921539
11.787572
11.699445
11.710716
11.872974
11.946709
11.870700
11.875363
11.880026
11.884689
11.770946
11.821593
11.692730
11.616845
11.326717
11.351942
11.118539
11.201068
11.151808
11.160609
11.186001
11.211393
11.556186
11.502319
11.491903
11.570646
11.562562
11.554478
11.354041
11.247477
11.322290
11.631527
11.594295
11.687380
11.760806
11.922526
11.804651
