8.842367
8.835826
8.878395
8.940291
8.953090
8.895221
8.778809
8.844655
8.706103
8.708770
8.752718
8.733193
8.658524
8.694722
8.537001
8.691796
8.772868
8.815844
8.764598
8.901207
8.625327
8.778595
8.749588
8.768729
8.849788
8.708177
8.830350
8.806888
8.782995
8.588622
8.729042
8.749377
8.756668
8.737999
8.605668
8.502300
8.535658
8.369283
8.491483
8.326090
8.358783
8.404976
8.327159
8.385344
8.296563
8.447823
8.389295
8.360208
8.543786
8.617280
8.556143
8.712096
8.576408
8.430366
8.579988
8.653209
8.719058
8.741918