3.080485
3.202988
3.192763
3.078065
3.209775
3.083418
3.084806
3.012827
3.141431
3.174783
3.162026
3.292888
3.143239
3.364665
3.046167
3.335255
3.342350
3.459886
3.058049
3.177403
3.131753
3.208294
3.126832
3.679009
3.311954
3.173089
3.012410
3.023907
2.961866
3.053739
3.182255
3.366485
3.165117
3.325029
3.006939
3.004459
3.112545
2.951950
3.108697
2.987625
2.974148
3.142020
2.948111
2.905117
3.083551
2.940203
2.977964
2.937387
3.157716
2.924479
3.043753
3.037488
2.946609
3.245943
3.029997
3.037048
3.165132
3.156264
3.272667
3.236629
3.103755
3.011248
3.101942
3.068492
3.086315
3.157458
3.167668
3.113928
3.107756
3.007834
3.025571
2.889043
3.191688
3.374767
3.296070
3.147586
3.194725
3.424830
3.375349
3.376277
3.355825
3.347575
3.348896
3.190413
3.186879
3.369182
3.286368
3.334098
3.234787
3.413458
3.355315
3.378463
3.497459
3.118551
3.493320
3.387728
3.569351
3.322755
3.601332
3.509891
3.730849
3.660670
3.645644
3.560277
3.515242
3.475339
3.339929
3.417793