3.907186
4.058114
4.061378
3.984283
3.907188
4.091146
4.386547
4.545393
4.282874
4.009660
3.685478
3.858893
3.776501
3.694728
3.639645
3.857901
3.708590
3.725258
4.132427
3.937171
3.821476
4.347924
4.180043
3.903041
3.999272
4.172608
3.895070
4.108286
3.894280
4.171635
3.843026
4.275031
3.767226
3.665996
3.733659
4.137315
3.846540
3.655723
3.815052
3.849287
4.011223
3.910427
4.040307
4.170188
4.300068
4.186490
4.228619
4.270747
4.212725
4.034205
4.779707
4.210446
4.224830
4.344004
3.939205
4.300781
4.080725
4.356722
4.382156
4.185534
4.055660
3.847909
3.928784
3.911307
4.117088
3.477951
3.796496
3.735034
3.786755
3.651340
3.870229
3.692657
3.873769
3.708292
3.824773
3.812277
3.924233
3.906535
4.189380
3.617909
2.891543
3.077081
4.339085
4.360125
4.554932
4.394734
4.521223
4.812392
5.243669
4.361783
4.978713
4.633915
4.574754
4.733358
4.891962
3.875024
5.022437
4.762195
4.755600
4.820190
4.859153
4.943772
