7.561778
7.216924
7.167906
7.189775
7.278877
7.172516
7.066155
7.031038
6.988560
7.329177
6.900677
7.138291
7.203675
7.655212
7.371516
7.681972
7.689405
7.823761
7.974870
7.984574
7.766489
7.933084
7.870592
7.808100
7.857814
7.700710
7.652706
7.646709
7.537322
7.728411
7.529404
7.342683
7.665874
7.868876
7.421474
7.431568
7.441661
7.564831
7.227285
7.251890
7.166751
7.190151
7.339165
7.531791
7.432324
7.367343
7.173273
7.516685
7.418851
7.166198
7.215132
7.179958
7.265691
7.204823
7.029094
7.203957
6.910227
6.860810
