9.632284
9.635982
9.790861
9.555415
9.506610
9.532384
9.532968
9.453218
9.399253
9.287350
9.433668
9.291343
9.398098
9.613442
9.503389
9.565088
9.550697
9.582565
9.814915
9.646714
9.577725
9.664664
9.822827
9.731918
9.736300
9.453247
9.534220
9.868607
9.570871
9.503323
9.510194
9.598412
9.652648
9.326967
9.572934
9.585233
9.861453
10.258333
9.658512
9.821773
9.689116
9.619833
9.710391
9.635643
9.608115
9.824468
9.837188
9.702646
9.894071
9.853113
9.729969
9.658419
10.020806
9.804988
9.561488
9.828677
9.867216
9.742512
9.596280
9.505163
9.425302
9.643827
9.496870
9.715111
9.670874
9.660732
9.848629
9.794100
9.995301
9.886039
9.911438
9.827065
10.067327
9.836832
9.822973
9.668068
9.502380
9.297079
9.681727
9.378056
9.570674
9.551268
9.496698
9.661915
9.704038
9.584055
9.380198
9.395954
9.453718
9.344674
9.525588
9.597727
9.611989
9.512343
9.557244
9.383041
9.385874
9.503413
9.375102
9.508033
9.361713
9.725799
9.504193
9.397180
9.437097
9.323511
9.392742
9.520460
9.571373
9.480845
9.645876
9.661736
