2.205527
2.200291
1.830165
1.746347
1.934781
2.050610
2.135144
2.272841
2.256867
2.269283
2.213474
2.402245
2.273913
2.585310
2.387478
2.399325
2.687003
2.644566
2.525707
2.514861
2.722026
2.463164
2.435282
2.519444
2.796386
2.721720
2.571935
2.388489
2.518447
2.573520
2.587377
2.420841
2.419318
2.125298
2.166853
2.181897
2.350977
2.390992
2.266842
2.179158
2.051333
2.153430
2.149196
2.299730
2.403280
2.431065
2.192038
2.126986
2.202809
2.291270
2.632467
2.600843
2.330866
2.391219
2.338260
2.206086
2.161797
2.158351
2.087332
1.765822
1.854849
1.935485
1.819975
1.853507
1.843202
2.011717
2.003786
2.042295
2.045898
1.979587
1.897961
1.619466
1.831892
2.050875
1.791154
1.638340
1.502570
1.536056
1.679029
1.498891
1.489986
1.512320
1.544333
1.754035
1.549827
1.791589
1.934218
2.021792
1.980720
1.902353
2.089099
2.040653
1.867174
1.923751
1.802864
1.976687
1.901874
1.863338
