2.800601
2.813641
2.943629
2.877321
3.034642
2.881147
2.872250
3.060139
2.905337
3.008947
2.912777
3.103580
2.878725
2.811941
2.943579
3.015563
2.705849
2.876094
2.858229
2.867760
2.883749
2.817608
2.728234
2.905868
2.777174
2.829895
2.648069
2.814702
3.003544
2.695399
2.172420
2.805169
2.770143
2.783885
2.619054
2.579020
2.628094
2.654247
2.852865
3.123806
3.068075
2.942685
3.138332
3.120534
2.865138
3.039277
2.998074
2.700190
2.715883
2.731576
2.893284
2.765573
2.891074
3.125369
3.012787
2.805919
2.945489
2.803844
2.740809
2.550396
2.775632
2.756780
2.526930
2.884938
2.558997
2.548607
2.509978
2.591028
2.756811
2.475203
2.382230
2.402277
2.440759
2.482459
2.534976
2.164333
2.587232
2.513382
2.352809
2.471375
2.287219
2.095001
2.221860
2.101516
2.266853
2.255684
2.070579
2.003569
2.102844
1.943560
1.908793
2.017324
1.958228
2.005527
2.042027
2.031156
2.170073
2.162988
2.215229
2.053374
2.124241
2.254606
2.345468
1.936623
2.067066
2.128396
2.031288
1.715456
1.699079
1.466166
1.485781
1.554090
1.382969
1.432766
1.449809
1.390104
1.322230
1.425226
1.440249
1.425023
1.430371
1.310507
1.453878
1.462203
1.418011
1.639331
1.756713
1.796014
1.749536
1.692049
1.577771
1.648617
1.842720
1.785035
1.849921
1.675897
1.705546
1.873199
1.810357
1.846766
1.793243
1.694657
1.532981
1.518388
