3.323534
3.316550
3.571680
3.478985
3.533823
3.787494
3.853007
3.698773
3.734309
4.208531
3.967001
3.542824
3.808991
3.803143
3.670518
3.828635
3.641155
3.664084
3.843847
3.787872
3.955438
3.728067
3.682456
3.727090
3.504296
3.468148
3.525441
3.500705
3.547238
3.268581
3.502570
3.483212
3.386784
3.386311
3.203273
3.315276
3.236048
3.151141
3.367512
3.147477
3.116167
3.333739
3.497189
3.360934
3.484932
3.372552
3.456006
3.633066
3.658765
3.706649
3.702599
3.256776
3.657257
3.736643
3.640965
3.843948
