9.915154
9.678310
10.102294
9.830295
9.839060
9.803849
9.552633
9.537494
9.277930
9.622097
9.286938
9.534385
9.355616
9.229287
9.286231
9.367176
9.485075
9.461773
9.575905
9.451907
8.995125
9.265730
9.225793
9.091340
8.923833
9.219950
9.297306
9.225405
9.287037
9.267707
9.373015
9.113914
8.854813
8.798186
8.741559
8.983129
9.276247
9.136994
9.440834
8.849663
9.131895
9.385306
8.823401
8.988042
8.948524
8.664667
8.975153
8.963320
9.031712
8.864769
9.093892
9.315566
9.304373
9.048749
9.014515
8.867550
9.335185
9.362874
9.275252
9.227449
9.052951
9.217973
9.357104
