7.364727
7.770945
7.730638
7.569791
7.639726
7.685181
7.690953
7.313417
7.247802
7.513148
7.527647
7.417226
7.448377
7.439724
7.231101
7.760694
7.871271
7.667191
8.233435
8.711606
8.331062
9.201869
9.107490
9.219691
9.394317
8.844632
8.957142
9.009777
8.794189
8.951440
9.146924
8.933460
9.164289
8.877026
9.333137
9.149391
9.229802
8.587103
8.915024
8.781981
8.773336
8.606576
8.963226
9.091315
9.079091
8.559758
8.744245
8.732078
8.859569
8.841065
8.871380
9.120342
9.392482
9.228890
9.065298
9.039942
9.053185
8.587776
9.138746
9.769586
9.209803
8.650021
8.257817
7.861178
8.059119
7.130418
8.258157
8.503165
8.356912
8.179359
8.238480
8.353928
7.890570
8.665790
8.140652
8.243366
8.363574
7.786937
7.809377
7.713127
8.271284
8.031124
8.265473
8.833070
8.611528
8.389986
8.090556
8.267626
8.310397
9.401070
8.778776
8.765642
8.431116
8.740170
7.814473
7.733857
8.160497
8.651476
