8.855225
8.885738
9.034608
8.881826
8.887678
9.185592
9.176464
9.346014
8.985271
8.908761
9.059120
8.748688
9.022988
9.044730
9.004167
9.085629
9.197588
8.941378
8.880107
8.921622
9.146352
9.170237
8.807676
8.966061
8.873186
8.985507
9.261904
8.852533
9.062216
8.788870
8.871394
8.572013
8.540678
8.883348
8.984398
8.869761
9.027617
8.880258
9.060369
9.138839
9.018943
8.978591
8.978969
8.661248
9.065728
9.411168
9.216360
9.092081
8.967802
9.051088
9.271993
8.925983
8.889131
9.030086
8.939682
9.156327
9.139247
9.082348
8.844493
8.884698
8.863637
9.123252
8.522322
8.652331
8.845952
8.573833
8.665462
8.801649
8.724503
9.080743
8.735075
8.761645
8.647490
8.680826
8.710800
8.901034
8.184315
9.024638
8.914895
8.532410
8.837305
9.176262
9.707894
9.794092
9.033821
9.194332
9.283843
9.473177
9.303225
9.306871
9.181389
9.233235
9.390169
9.267825
9.165090
9.182151
9.203140
9.479048
9.264003
9.167478
9.238664
9.302575
9.454263
9.543746
9.352504
9.287997
9.092536
9.164223
9.369545
9.200812
9.016601
9.365106
8.888626
8.998004
9.114211
8.982584
9.205976
9.394450
9.453241
9.258414
9.337624
9.189745
9.111575
9.084150
9.008164
9.200134
9.133638
9.353834
9.302489
9.199672
9.120943
9.075364
9.185255
9.237885
9.241319
9.019723
9.180785
9.341729
9.297005
9.364035
9.129836
9.429883
9.371001
9.630611
