7.236489
7.292790
7.192441
7.194177
7.123919
7.207092
7.246698
7.181957
7.248915
7.214036
7.169740
7.186509
7.189766
7.110374
7.154734
7.140799
7.147803
7.244627
7.151866
7.194332
7.235861
7.151702
7.164176
7.139373
7.066593
7.188196
7.207368
7.222417
7.209073
7.223218
7.202444
7.274726
7.188775
7.197041
7.164231
7.221687
7.059239
7.245120
7.244087
7.270092
7.308901
7.221642
7.185648
7.280318
7.358624
7.198871
7.196769
7.217684
7.184076
7.091474
7.082963
7.103385
7.061961
7.076484
7.074987
7.246473
7.161346
7.295603
7.244331
7.203070
7.168376
7.106729
7.161615
7.135945
7.147285
7.214336
7.134727
7.166215
7.011667
7.134434
7.114715
7.140083
6.983949
7.065082
7.149097
7.077360
7.108551
7.089438
7.108390
7.114035
6.903018
7.002210
6.978649
6.979802
7.137379
7.035118
7.164893
7.045149
7.112837
7.112934
7.080354
7.085203
7.137464
7.191989
7.211453
7.089820
7.019488
7.016156
7.046935
7.115907
7.143092
7.050216
6.944393
7.109943
7.189801
7.168958
7.011574
7.181268
7.218278
7.238260
7.067128
7.049431
7.122239
7.136045
7.220225
7.110305
7.274128
7.210398
7.112857
7.215227
7.039988
7.034896
7.153823
7.158873
7.233376
7.225884
6.933958
7.043804
7.043791
7.023922
7.126226
7.160103
7.172634
7.176846
7.244552
7.080927
7.041650
7.049061
7.116908
7.038811
7.088288
7.098499
7.085194
7.116348
7.099565
7.137879
6.931420
