6.134515
6.225071
6.332136
6.276201
6.221582
6.252074
6.177522
6.140906
6.315737
6.124715
6.315221
6.167729
6.135530
6.060661
5.813856
6.338953
6.127556
6.179066
6.182554
6.202121
6.246846
6.191808
6.140170
6.193354
6.206635
5.967831
6.201751
6.104006
6.136717
6.139638
6.294753
6.144941
6.225776
6.358545
6.359588
6.178665
6.147914
6.213171
6.252180
6.197874
6.337159
6.135569
6.155024
6.215342
6.102531
6.228499
6.186212
6.245514
6.192743
6.099425
6.152067
6.141895
6.243748
6.058997
5.747297
5.778304
6.073618
5.891416
5.916057
5.725190
5.782635
5.795478
5.713415
5.853349
5.779331
5.869221
5.884283
5.835907
5.733178
5.842173
5.708330
5.666053
5.692170
5.789778
5.702769
