8.182688
7.963399
7.946450
8.209788
8.214664
8.105503
7.414666
7.909293
7.922836
7.908639
7.755981
8.258804
8.240082
8.274926
8.231043
8.187159
8.233611
8.242079
8.371158
8.244760
8.401813
8.259738
8.302555
8.149202
8.171780
8.222205
8.278379
8.533458
8.599258
8.556561
8.404083
8.415666
8.343788
8.210677
8.211765
8.133805
8.026670
8.015185
8.069379
8.120611
8.098854
8.108793
8.071875
7.987135
8.164870
7.924209
7.799671
7.808737
7.896362
7.888415
7.813454
7.965669
7.939315
7.927929
8.001299
7.905856
7.695784
7.583605
7.565347
7.552889
8.063325
7.784725
7.506124
7.609957
7.462072
7.298875
7.317256
7.447276
7.577297
7.707317
7.837338
7.324417
6.721072
7.559469
7.542665
7.945183
7.702063
7.760068
7.490548
7.968020
7.426291
6.884562
7.338615
7.792668
8.097806
7.834377
7.628325
7.422273
7.465499
7.508724
7.354388
7.322449
7.329032
7.331001
7.397911
7.242439
7.146661
7.202365
