5.505161
5.349043
5.241263
5.306489
5.205518
5.469295
5.892468
5.383817
5.534613
5.116397
5.183454
5.351879
5.617864
5.461263
6.077167
5.616576
5.799818
5.618201
5.802629
5.240192
5.374175
5.705715
5.702959
5.700204
5.843189
5.648683
5.532826
5.896909
5.585888
5.810537
6.167342
5.885133
5.805315
5.725496
5.645678
6.078546
5.329608
6.116685
5.889653
6.200595
6.033245
6.442106
6.045177
6.076404
5.924119
5.823388
5.627526
5.852035
5.816366
5.749065
5.905627
5.851446
5.870878
5.766655
5.570736
5.821550
5.606127
5.909210
5.875336
5.814398
6.142057
5.946505
5.750952
5.716184
5.416553
5.591940
5.685368
5.668238
5.814458
5.793082
5.836669
5.778389
5.867966
5.947445
6.026925
5.976107
5.960460
5.871943
5.876918
5.673303
5.576628
5.549689
5.522751
5.390095
5.733608
5.688112
5.768860
5.969886
5.563478
5.546797
5.323629
5.476604
5.439878
5.207719
4.975560
4.652072
4.680838
4.709605
5.277259
5.017939
4.906280
5.178647
4.977359
5.361669
5.482130
5.585412
5.688693
5.639195
5.589697
5.540199
5.357685
5.926366
5.370844
5.549327
5.656800
5.729635
6.506806
5.712879
5.694456
5.676033
5.387971
5.434583
5.229315
5.024048
5.178851
5.404017
5.451200
5.220305
5.448350
5.446604
5.232235
5.245993
5.259750
5.678440
5.448310
5.387858
5.328904
5.103877
5.437793
5.556728
5.675663
5.920996
5.660725
6.748335
5.906485
6.057844
6.020298
5.525777
5.838813
5.421599
5.872421
5.359250
5.752236
5.521682
5.377596
5.941314
6.136937
5.517302
5.533081
5.521474
5.470538
5.703544
5.805540
5.563587
5.272890
5.148460
5.297214
5.445968
5.344614
5.243260
5.543298
5.955221
5.481149
5.510988
5.905684
5.560140
5.376027
5.934450
5.640048
5.828704
5.526740
5.886560
5.643080
5.399601
5.445998
6.316205
6.142241
6.170182
5.915360
5.424055
5.511654
5.558627
5.605600
