3.427683
3.564039
3.164199
3.352713
3.381197
3.268796
3.807104
3.351921
3.296518
3.168187
3.122054
3.416281
3.233158
3.281575
3.412364
3.142710
4.239141
3.672047
4.096893
3.773568
3.548383
3.422285
2.928054
3.405421
3.277997
3.442082
3.347395
3.435347
3.613150
3.588792
3.282752
3.773692
3.405375
3.459686
3.682009
3.560697
3.501772
3.489802
3.417703
3.262108
3.506502
3.525124
4.113743
3.410286
3.469838
3.454467
3.405362
3.651604
3.594575
3.606895
3.627165
3.756701
3.629086
3.713334
3.444575
3.621635
3.485361
4.083101
3.614410
3.494244
3.550561
4.031931
3.490427
3.860489
3.666277
3.665688
3.665098
3.786543
4.361712
4.695691
4.340781
3.528753
4.355568
3.479733
3.402275
3.650396
3.611679
3.508305
3.186474
3.488050
3.266420
3.543688
3.875548
3.394672
3.267492
3.270219
2.992211
3.270338
3.147871
3.216977
3.265728
3.121621
2.992836
3.545380
3.067706
3.046476
3.324945
3.239133
3.058279
2.992409
2.692161
2.540734
2.103388
2.683854
2.928460
2.814432
2.875820
2.800356
3.377196
2.934183
2.988397
2.860107
2.693392
2.803051
2.827937
2.817396
3.164846
3.001278
3.342912
2.977118
3.134057
3.524225
2.962166
2.988447
2.889959
2.886403
3.032538
2.816258
2.856886
2.976528
