2.563088
2.614563
2.666039
2.717515
2.549575
2.381971
2.499266
2.437503
2.375740
2.458042
2.481497
2.504952
2.568972
2.445021
2.487778
2.530536
2.562946
2.431932
2.300918
2.274700
2.276722
2.366430
2.391164
2.436040
2.480916
2.525792
2.527761
2.650459
2.585491
2.602653
2.571151
2.613581
2.631413
2.474752
2.552344
2.340129
2.415288
2.368190
2.375999
2.457720
2.501573
2.360573
2.196335
2.106239
2.185714
2.105857
2.177411
2.039037
2.281885
2.228127
2.126043
2.174343
2.239617
2.178031
2.502367
2.430499
2.532999
2.499427
2.484025
2.475938
2.403412
2.420784
2.456322
2.491860
2.469177
2.543067
2.430797
2.500594
2.526336
2.467199
2.642389
2.527573
2.707707
2.638857
2.661436
2.738272
2.815109
2.891945
2.993782
2.959570
3.000456
2.984980
3.119019
3.353700
3.347230
3.465271
3.162468
3.375562
3.491349
3.356506
3.386412
3.049452
3.397175
3.770479
3.364198
3.226849
3.013054
2.972460
3.792163
3.239739
3.057012
2.966802
3.157985
3.184248
3.198777
3.719070
3.897543
3.226434
2.977705
3.056938
3.374858
3.243914
3.265626
3.446237
3.390581
3.387885
3.164009
3.215333
3.285931
3.088503
3.209349
3.259729
3.208743
3.157757
3.310131
2.946918
3.083376
2.943653
2.970265
3.036143
2.286645
2.561038
2.835431
2.916312
3.098425
3.035548
2.953667
3.004475
2.819615
2.865904
2.998095
2.934528
2.693183
3.450546
3.210015
3.291518
3.373021
2.869156
2.728472
2.578230
2.153542
2.925992
3.080218
3.036708
2.749863
2.708048
2.670171
2.848530
2.985539
3.087617
2.857902
2.628186
2.794077
2.707828
2.707267
2.813008
2.839166
2.865324
2.891482
2.858607
2.922399
2.677013
2.990084
3.054989
2.932657
2.976847
2.904265
2.869548
2.879788
2.725429
2.829519
2.858007
2.819733
2.899986
3.024494
3.253070
3.110344
3.188475
3.538888
3.392523
3.273936
3.151667
3.849558
3.698907
3.548256
3.508855
3.530669
3.387056
3.427863
3.662808

