8.576080
8.574355
8.596612
8.675016
8.682930
8.618813
8.568370
8.652569
8.715734
8.722492
8.839278
8.686767
8.818471
8.819293
8.909204
8.928529
9.154346
8.828530
8.829713
8.700832
8.655359
8.609886
8.683601
8.693271
8.669639
8.884991
8.904639
8.836769
8.745175
8.731331
8.816413
8.800328
8.693146
8.882017
8.707524
8.907805
8.787669
8.800194
8.715072
8.665174
8.713911
8.912210
8.777170
8.816777
8.809366
8.940161
8.941197
8.920338
8.923959
8.700448
8.712420
8.681658
8.636990
8.498986
8.560690
8.929565
8.695538
8.510864
8.742413
8.665606
8.612549
8.559491
8.548102
8.681658
8.745001
8.632430
8.647535
8.553311
9.098616
9.198613
9.298610
8.712446
8.499122
8.518706
8.733579
8.608636
8.528208
8.522648
8.605423
8.492764
8.310512
8.137719
8.246369
8.520451
8.528700
8.333548
8.259423
8.724815
8.660081
8.984551
8.125922
8.254149
8.187259
8.120369
8.143966
8.674832
8.172803
9.258708
9.526079
8.924262
8.164113
8.079354
7.779053
6.981204
