2.050123
2.023217
2.130360
2.224304
2.169735
2.173569
2.214319
2.172281
2.181493
2.190704
2.107075
2.385050
2.283271
2.194842
2.266373
2.185636
2.286499
2.030501
2.113769
2.123625
2.133481
2.092692
2.109175
2.239236
2.130561
2.079369
2.066507
2.024770
1.991670
1.958569
1.982612
2.006655
1.973080
1.986434
1.942141
1.897848
1.899836
1.885270
1.853801
1.942648
1.876190
1.958123
1.995684
1.883658
1.922007
1.983027
2.212047
2.008631
2.066529
2.075596
1.931295
1.925517
2.007618
2.032561
1.952072
2.046607
2.021293
2.084715
1.985837
2.261694
2.141429
2.065851
2.089326
2.116391
2.047640
2.149635
2.103116
2.091731
2.134632
2.143076
2.098336
2.158341
2.194437
2.292063
