8.668462
8.615712
8.708825
8.791752
8.940126
8.594654
8.780738
8.806256
8.670824
8.656828
8.468884
8.491360
8.431790
8.164570
8.633024
8.267183
8.285282
8.241543
8.381678
8.189058
8.128140
8.237794
8.530935
8.310426
8.220004
8.094506
7.949775
8.120816
8.190157
8.074537
8.101718
8.128898
8.266726
8.513063
8.672064
8.401857
8.424772
8.356609
8.386093
8.476633
8.516949
8.440754
8.342606
8.460133
8.467131
8.489412
8.693328
8.601462
8.603865
8.673004
8.483215
8.701841
8.842780
8.791711
8.858287
8.652402
8.811519
8.686166
8.700121
8.441967
8.345248
8.451002
8.476990
8.383588
8.394456
8.409273
8.522587
8.698452
8.411858
8.440624
8.669303
8.678889
8.529824
8.246027
8.651715
8.646974
8.361330
8.610543
8.336173
8.295117
8.359506
8.319594
8.625048
8.667372
8.558204
8.620896
8.408565
8.672997
8.641165
8.574312
8.689805
8.823316
8.612259
8.695818
8.778162
8.786047
8.799521