7.681169
7.625552
7.544241
7.640742
7.798213
7.815307
8.057972
7.521074
7.640222
7.628628
7.321168
7.013708
7.217376
7.421043
7.624710
7.828377
7.461549
7.506762
7.623338
7.696531
7.665380
7.647164
7.628949
8.245006
7.944713
8.157539
8.152246
7.982380
8.104850
8.135213
8.165576
8.085859
8.006142
7.991970
8.040529
8.006512
8.018158
8.018527
8.018897
8.019267
8.019636
8.338259
8.341148
8.344036
8.346925
8.148513
7.864040
7.579566
8.130739
8.382339
8.464639
8.365054
8.745317
8.587412
8.429508
8.491018
8.448109
8.358419
8.515831
8.897150
9.278469
8.568745
8.532256
8.563420
8.716496
8.869573
8.695207
8.568775
8.320993
8.382719
8.444446
8.502275
8.775944
8.503882
7.416097
6.935256
6.816817
6.698379
6.579940
