8.357868
8.576265
7.901245
8.057800
7.660613
8.140872
8.036549
8.039335
8.022719
8.015708
7.780427
7.954673
7.920327
7.296130
7.720635
7.989937
7.590584
8.144100
7.679765
7.816837
7.596357
7.814167
7.578813
7.465766
7.520266
7.559188
7.672867
7.587623
7.739126
7.517269
7.665804
7.769909
7.617281
7.581973
7.878461
7.632054
7.620197
7.809262
7.839999
7.925157
8.056270
7.842707
7.751162
7.721377
7.775045
8.053703
7.848877
8.113310
7.810484
7.848170
7.894343
7.856903
7.675424
7.670139
7.599245
7.573012
7.529874
7.653584
7.499733
7.477599
7.573860
7.602247
7.489606
7.703602
7.942122
7.487917
7.621015
7.451973
7.473123
7.471127
7.464042
7.626902
7.642585
7.568704
7.567908
7.658657
7.620625
7.535727
7.526475
7.662986
7.526072
7.528077
7.535834
7.522791
7.597970
7.509859
7.465768
7.403274
7.433737
7.514135
7.467755
7.311381
7.374462
7.387005
7.422479
7.043292
7.504795
7.467079
7.477590
7.391204
7.678803
7.486770
7.434721
7.593975
7.545037
7.502592
7.667462
7.497246
7.620052
7.525203
7.526400
7.394272
7.639389
7.562702
7.686230
7.576043
7.379582
7.472071
7.862544
7.419199
7.720606
7.168268
7.082944
6.694070
6.769484
6.811946
7.409316
7.174951
7.282821
7.295623
7.334706
6.946431
6.710875
6.744041
7.041651
6.948735
7.284288
7.135869
6.976710
7.054378
6.983277
