6.567781
6.651894
6.736007
6.698452
6.660898
6.939615
6.783774
6.627933
6.723522
6.823391
6.863332
6.905921
6.678201
6.806915
6.834873
6.919761
6.923016
6.928461
6.976304
7.024148
7.078601
6.901132
6.723662
7.242828
7.335731
7.168060
7.167840
7.167620
7.334492
7.239000
7.460553
7.403580
7.591829
7.664453
7.487962
7.386341
7.413104
7.224660
7.264719
7.289505
6.834760
7.192983
7.158810
7.253492
7.140005
6.868670
6.888337
6.870416
6.737900
6.805521
6.873141
7.083769
7.038620
6.836231
6.952023
6.790088
6.802427
6.689769
7.028076
7.336490
7.330076
7.323662
7.078761
6.985141
6.924610
6.864079
6.803548
6.743017
6.786089
6.854675
6.499693
6.486561
6.473429
6.460296
6.487189
6.674419
6.558638
6.442857
6.446968
6.584294
6.630621
6.676949
6.370133
6.471764
