6.198945
6.126531
6.318788
6.059215
6.236771
6.216480
6.142867
6.202072
6.204908
6.216470
6.101986
6.049409
6.083071
6.238078
6.125478
5.879938
6.102358
6.154371
6.316900
6.057170
6.081817
6.137811
5.931653
6.108205
6.069880
6.128862
6.238150
6.191383
6.043301
6.157423
6.256151
6.214109
6.378568
6.555471
6.464360
6.220521
6.331103
6.414368
6.164028
6.441803
6.262974
6.142663
6.014755
6.067130
5.970579
6.162697
6.131349
6.312648
6.069182
6.022255
5.944210
6.155549
6.150145
5.870088
6.217062
6.068008
6.022278
6.111595
5.985036
6.133750
5.990340
6.278130
5.986494
6.077355
6.079188
6.169077
6.028379
6.273421
6.198081
5.968298
6.124542
6.140432
6.233929
