9.982420
9.751300
9.874639
9.833903
9.918481
9.947386
9.848318
9.848192
10.146282
10.145199
10.267287
10.083590
10.234496
10.107126
10.198577
10.537734
10.697584
10.616193
10.706216
10.497158
10.442505
10.260293
10.526322
10.459486
10.689755
10.730666
10.907859
10.768817
10.970915
10.869455
10.899392
10.875433
10.861217
10.860314
10.805449
10.756613
10.569151
10.420644
10.515408
10.457745
10.400082
10.386168
10.160371
10.103408
9.981105
9.866361
9.825517
9.850102
9.897199
9.900322
9.725186
9.862517
9.999848
