
7.493341
7.492698
7.317412
7.485698
7.390133
7.746646
7.496917
7.521195
7.479515
7.483463
7.404261
7.448825
7.271600
7.291734
7.311867
7.239622
7.163244
7.059959
7.234327
6.984300
7.072133
7.566071
7.563733
7.610987
7.488132
7.276138
7.537342
7.608298
7.864290
7.886852
7.700698
7.817409
7.663683
7.947081
7.788465
7.913902
7.939769
7.967950
7.730988
7.858213
8.006602
8.094348
8.226401
7.954777
8.038889
8.110928
8.066601
8.030826
8.048210
7.987166
8.040230
8.176234
8.236198
8.237448
8.289414
8.175023
8.260728
8.149244
8.118109
8.086975
8.049859
8.018253
7.780162
7.963472
7.802498
7.596501
7.634462
7.723701
7.448707
7.612281
7.719868
7.842754

