10.825829
10.979538
10.915291
11.222682
11.190598
10.824551
10.998955
10.905087
11.149335
10.837312
11.051863
11.147971
11.212477
11.273860
11.340625
11.229963
11.139983
11.373466
11.123084
11.138526
11.063779
11.306549
11.111191
11.292641
11.142671
11.255042
11.177421
11.235920
11.328533
11.473159
11.653726
11.650455
11.493943
11.501405
11.587277
11.554214
11.574942
11.388272
11.724159
11.531234
11.382026
11.496130
11.581314
11.677630
11.606024
11.718439
11.576639
11.581471
11.550800
11.633500
11.640366
11.376194
11.619503
11.287884
11.373032
11.399578
