7.580785
7.717370
7.761359
7.697511
7.545174
7.651188
7.632460
7.553862
7.698581
7.482068
7.530005
7.521166
7.481899
7.520190
7.463875
7.786143
7.663841
7.387363
7.182189
7.736819
7.770589
7.819602
7.895645
7.871214
7.864694
7.932945
7.745941
7.896878
7.927315
7.920889
7.752655
7.861322
7.859928
7.918370
8.083157
8.212717
8.499009
7.577179
7.480572
7.355809
7.507211
7.457551
7.681544
7.525221
7.470771
7.527730
7.454769
7.479396
7.282181
7.341727
7.265106
7.154134
7.268713
7.346146
6.868964
7.405680
7.597182
7.282971
7.560926
7.353221
7.406483
7.526433
7.445828
7.560289
7.341223
7.651912
7.576529
7.629521
7.816809
7.542846
7.895209
7.842531
7.637496
7.875363
7.713465
7.715633
7.698830
7.850774
7.784658
7.845477
7.667944
7.685459
7.762378
7.664268
7.922771
7.648047
7.807777
7.713449
7.709562
7.489170
7.697390
7.597809
7.551917
7.663345
7.626587
7.508282
7.389978
7.476975
