3.355008
3.595501
3.432148
3.123620
3.203103
3.185732
3.038579
3.174558
3.175739
2.999246
2.852338
2.798913
2.841333
2.814931
2.954868
2.819389
2.971708
2.993770
2.871356
2.871212
2.935832
2.881272
2.895401
3.060182
3.137429
3.024740
3.009554
2.917528
3.019038
3.107346
3.025756
3.085182
3.025259
3.118072
3.179277
3.015574
2.985296
2.997337
3.036044
2.947849
2.989287
3.026680
2.864801
2.937555
2.815055
2.922100
3.000205
3.074292
3.155608
3.300769
2.999912
3.025034
2.744592
2.667742
2.625676
2.771202
2.870937
2.992605
2.856735
3.052088
3.165738
2.996022
2.879516
2.819039
2.880506
2.811497
2.596035
2.733757
2.742250
2.649161
2.665923
2.708014
2.976140
3.039239
2.808555
2.847665
3.046488
3.055857
3.019070
3.059853
3.031263
3.575009
3.485616
3.297925
3.436734
3.373286
3.141448
3.357411
3.055267
2.899551
3.028447
3.005500
3.063572
3.218087
3.099633
3.214052
3.226181
3.298867
3.122263
3.151930
3.591434
3.273875
3.228341
3.375942
3.106452
3.259793
3.087768
2.960109
3.184010
3.142817
3.121351
3.294375
3.076142
2.957631
3.074444
3.167259
3.224638
3.057793
2.981180
2.852826
2.752481
2.654582
2.757543
2.810613
2.682072
2.752293
2.745003
2.979225
2.938953
2.970582
2.834717
2.992562
2.802420
2.656500
2.776194
2.873720
2.984474
2.909280
3.046126
2.872476
2.842683
3.106045
3.010397
3.127560
2.999350
2.912104
2.955963
2.807515
3.007131
2.967896
2.597963
3.121938
2.898429
3.206595
3.127524
3.161345
3.369874
3.212189
3.362911
3.306522
3.124853
3.141259
3.179745
3.138054
3.164040
3.172722
3.268572
3.363377
3.293278
