9.249544
9.255818
9.522318
9.157003
9.172141
9.250425
9.165247
9.075758
9.024792
9.288592
9.214713
9.064146
9.026593
9.163502
9.405049
9.190791
9.104961
8.463318
8.303617
8.428712
9.285671
9.228749
9.429096
9.181219
9.321937
9.129218
9.041650
9.202688
9.272096
8.889546
8.969768
9.035577
8.850518
8.715010
8.618041
8.530393
8.820625
8.858539
8.997859
8.396919
8.244580
8.559051
8.638272
8.527012
8.381938
8.595394
8.541087
8.370982
8.296824
7.909658
8.152627
7.746846
8.090660
8.204900
8.158598
8.252075
8.013135
8.222121
8.219786
8.181689
8.350919
8.409718
8.195869
8.301292
8.269996
8.464502
8.451331
8.241879
8.808176
9.068263
8.174903
8.329603
8.418300
8.496100
8.886449
8.464558
8.477076
8.570417
8.770342
8.559133
8.531522
9.077334
8.558839
8.706578
8.393712
8.633570
8.800694
8.554566
8.583324
8.727517
8.641781
8.442824
7.801696
8.380870
7.862506
7.712251
7.561996
7.569260
7.635138
7.701016
8.549132
8.760707
9.015558
8.499652
8.685720
8.331589
8.347805
8.199364
8.019685
8.183895
8.052114
8.334208
8.432916
8.256812
8.366286
8.575099
8.392787
8.457738
8.586916
8.664184
8.511416
