9.584332
9.219040
9.180107
9.077563
9.167891
9.096843
9.117748
9.204734
9.078225
8.754613
8.459478
8.707748
8.621875
8.560072
8.558663
8.578897
8.727558
8.536139
8.642630
8.660163
8.443065
8.488828
8.852967
8.722400
8.718017
8.508521
8.554612
8.975436
8.793317
8.766013
8.728889
8.910187
8.944002
9.003064
8.886931
8.643063
9.268774
8.780235
9.274042
9.125450
9.087172
8.728766
9.023326
8.933335
8.997759
8.895813
8.985473
8.921974
9.003299
8.882787
8.836049
9.178929
9.234861
9.122125
8.874718
8.713205
9.115044
8.582521
9.125887
8.942992
9.064889
9.024961
9.213675
9.029774
9.284340
9.223790
9.537863
9.419945
9.454061
9.607028
9.412935
