8.784447
8.659546
8.664494
8.891640
8.491674
8.660874
8.546669
8.662753
8.714574
8.450771
8.601537
8.524636
8.888146
8.471822
8.396963
8.473764
8.572678
8.454662
8.293652
8.540019
8.410950
8.424788
8.325990
8.473941
8.187295
8.528279
8.536407
8.634248
8.732089
8.525900
8.752988
8.801267
8.820847
8.777727
8.748120
8.694677
8.553286
8.563890
8.295553
8.800188
8.711891
8.781918
9.044176
8.825385
8.947832
8.902471
8.934713
8.957065
8.955526
8.815306
8.972190
8.998112
8.806174
8.831175
9.108967
9.023366
9.087124
9.092300
9.064439
9.080922
8.890226
9.154191
8.977204
9.015909
8.841884
8.961334
9.387498
