10.913680
10.592399
10.656842
10.528297
10.482149
10.420311
10.281889
10.352763
10.384655
10.433491
10.482328
10.557817
10.502895
10.385420
10.606117
10.425492
10.535821
10.792808
10.646766
10.490729
10.809830
10.550984
11.035506
10.737464
10.828705
10.773461
11.032773
10.797038
11.047771
11.009402
10.821511
10.788584
10.958476
11.337643
10.998508
11.237634
11.065190
11.159789
11.177164
11.286636
11.374558
11.176110
11.148884
11.016158
11.143084
11.215852
11.064766
11.137009
11.125156
11.053032
10.875803
11.131480
11.015045
11.113101
11.028938
10.999329
11.135955
10.930750
11.076671
11.056116
11.116759
11.207009
11.016063
11.060208
10.980803
11.109237
11.328936
11.648705
11.212522
11.115616
11.350166
11.164868
11.444782
11.343204
11.049409
11.116250
10.942686
10.910005
11.041607
10.940172
10.827838
11.203942
11.157030
10.980421
10.902796
10.785825
10.710623
10.759469
10.525396
11.078017
11.105610
11.286118
11.273821
11.284470
11.362188
11.256447
11.307877
11.186968
11.299415
11.218596
11.390793
10.820444
11.135871
11.005064
10.963364
11.077825
11.022886
10.730024
10.716983
10.585512
10.864072
10.724934
10.596383
10.388177
10.567838
10.531398
10.559099
10.544323
10.528970
10.434073
10.213306
10.733114
10.413134
10.401117
9.990109
10.056507
10.485031
10.335400
10.341129
10.394168
10.600477
10.032465
10.523077
10.660163
10.778880
10.532963
10.613541
10.694120
10.736552
10.772934
10.528509
10.557258
10.519311
10.517129
10.495379
10.524184
10.677592
10.392064
10.678017
10.408425
10.365522
10.280650
10.344861
10.360647
10.231281
10.238605
10.089803
10.196085
9.913876
10.093937
10.153884
10.119289
10.209673
9.980704
9.819537
9.857301
9.737991
9.618680
9.778577
9.839659
9.969932
9.723677
9.792644
9.861610
10.525564
10.831487
11.252474
11.453511
11.654548
11.447152
11.239756
11.225012
11.210268
11.667370
12.061080
11.802712
11.805167
11.624747
11.444326
10.441898
10.561011
10.790479
10.308475
9.826471
9.725144
9.710396
9.941281
10.087841
10.234401
9.976217
9.893907
9.865092
9.836277
9.941619
9.956626
10.303407
10.261885
10.281206
10.433683
10.372049
9.991512
10.433464
10.593183
10.819848
10.694996
10.582077
10.884811
10.957520
11.170882
11.140030
11.248109
10.940185
11.058529
11.353539
11.462299
11.009490
10.993161
11.194159
11.367401
11.385841
11.451819
11.193515
11.258223
11.344285
11.207910
10.730628
10.946457
10.988668
11.048241
10.733598
11.018162
11.142917
11.174517
11.290445
11.447400
11.521036
11.698841
11.528653
11.691495
11.528853
11.660688
11.397514
11.551523
11.654325
11.585503
11.452673
11.811884
11.795894
11.983841
11.872688
11.999189
11.773588
11.755375
11.936564
11.763777
11.867230
11.776557
11.668986
11.892098
11.798881
11.970001
11.817494
