
10.738237
10.739645
10.635571
10.606360
10.541026
10.689446
10.662826
10.870753
10.679844
10.525451
10.511967
10.472166
10.458937
10.213919
10.368174
10.185850
10.207417
10.302926
10.215955
10.605499
10.817534
10.537833
10.457252
10.496560
10.520837
10.471169
10.558902
10.681879
10.852009
10.852726
10.756400
10.682000
10.564081
10.619041
10.653996
10.510090
10.650790
10.732405
10.625800
10.694770
10.731671
10.526085
10.504979
10.492589
10.505245
10.741922
10.523502
10.567859
10.372502
10.421097
10.408907
10.415942
10.504267
10.622092
10.540404
10.529931
10.235431
10.385518
10.430908
10.538235
10.544788
10.656426
10.488022
10.602537
10.522905
10.294126
10.565787
10.506874
10.560300
10.469277
10.443448
10.647272
10.694671
10.849503
10.629148
10.544681
10.566928
10.691693
10.611273
10.731096
10.654198
10.703056
10.759123
10.726349
10.677963
10.610364
10.665951
10.708426
10.685330
10.520779
10.721488
10.602763
10.629242
10.484512
10.272506
10.358095
10.373451
10.513313
10.399535
10.385663
10.363651
10.153357
10.064604
10.240561
10.283219
10.347284
10.430688
10.220176
10.163303
9.981071
9.956924
10.196547
10.194193
10.395690
10.300359
10.261027
10.223302
10.172421
10.199670
10.270135
10.195936
10.351640
10.341343
10.327844
10.170239
10.214744
10.240177
10.238554
10.331683
10.377538
10.224874
10.366263
10.247832
10.292449
10.408150
10.281272
10.267228
10.349406
10.332057
10.438001

