10.133294
10.303346
10.346526
10.359799
10.651202
10.910099
11.119758
10.528783
10.504734
10.565477
10.481595
10.478608
10.365352
10.226045
10.285034
10.275690
10.089896
10.410907
10.405275
10.572969
10.290694
10.406992
10.400293
10.455055
10.525989
10.558053
10.883330
10.948523
10.736391
10.944507
11.015100
10.634757
10.887652
10.578733
10.897210
10.817993
11.049336
10.903180
10.972293
10.968439
10.955377
11.069917
10.979537
10.921149
11.004984
10.901663
11.057330
10.955238
11.059062
11.023773
11.223604
11.276516
11.228581
11.250164
11.200449
11.023732
11.139835
10.945837
10.791307
11.175043
11.072004
10.937247
11.067394
10.990418
10.813522
10.904747
11.106559
10.888626
10.573128
10.507312
10.629682
10.440790
10.376132
10.425631
10.475550
10.255779
10.299992
10.237794
9.856200
10.213892
10.143149
10.048451
10.025934
10.013477
10.032909
10.084454
10.254031
10.198215
10.345039
10.206776
10.382576
10.185363
10.154518
