11.203339
11.037723
11.032073
11.024806
11.160735
11.020240
11.168851
11.317462
11.094584
11.044650
11.230885
11.245332
11.206979
11.235022
11.409167
11.284618
11.163730
11.131086
10.864256
10.874036
10.939594
10.907364
10.812014
10.785992
10.701053
10.765985
10.761702
10.842241
10.694420
10.693297
10.509559
10.578722
10.737742
10.922718
10.698843
10.889822
10.679578
10.747589
10.418726
10.524821
10.333795
10.511846
10.492931
10.517208
10.521006
10.312123
10.319849
10.108736
10.274318
10.419132
10.224584
10.205102
10.215581
10.193144
10.027313
10.273576
10.110388
10.214917
9.785075
9.977176
9.993425
10.334693
10.048387
10.252262
10.518468
10.666942
10.337102
10.080491
10.127684
9.776693
10.046148
10.279373
9.496189
10.044079
10.479342
9.672362
9.714477
9.176183
9.773021
9.543890
9.615462
9.677113
9.554296
9.891096
9.771582
9.482139
9.297574
9.935246
10.008853
9.795092
9.726958
9.390711
9.416821
9.919484
9.937348
9.933060
9.748821
9.947453
10.003458
9.792818
