3.661100
3.851501
3.938045
3.913582
4.052672
3.870871
4.171579
4.029946
4.008603
4.389261
4.193567
3.819979
4.399172
4.385889
4.440013
4.454061
4.464227
3.856390
3.497174
4.309836
4.261581
4.519210
4.334642
4.217749
4.241875
4.585293
4.694453
4.364283
4.222164
4.080045
3.832567
4.153980
3.737769
4.269198
4.120881
4.182886
4.418502
4.128469
4.022409
4.072866
4.139471
4.023565
4.004183
3.942429
3.946324
4.000698
3.863898
3.517361
4.014766
4.178275
4.039587
4.147525
4.011988
3.843721
3.687136
3.860904
4.058233
4.155056
3.810829
3.236460
2.605142
2.942160
3.755795
3.531741
3.938031
4.105217
3.773771
3.904035
3.820177
3.859185
3.757142
3.828935
3.962803
3.892564
3.800530
3.978269
3.642544
3.599652
3.551936
3.482695
3.773779
3.571608
3.629069
3.429435
3.429287
3.392729
3.312458
3.655090
3.571524
3.398001
3.350091
3.380232
3.220755
3.244202
3.120141
3.285584
3.383673
3.531255
3.245643
3.065889
3.617423
3.506800
3.943532
3.660614
3.562820
3.669717
3.759721
3.377153
3.158330
3.189744
