8.632309
8.642998
8.639132
8.573556
8.284053
8.465816
8.384568
8.480616
8.843187
8.912748
8.641114
9.057743
8.532526
8.448568
8.370137
8.617426
8.809823
8.311264
8.971258
9.005953
9.572861
9.483965
9.395069
9.306173
9.444411
9.451051
8.641274
8.253919
8.435479
8.744212
8.463907
8.367427
8.460664
8.527086
8.412141
8.381198
8.549613
8.465939
8.609389
8.476985
8.514079
8.603932
8.496749
8.292559
8.350994
8.464958
8.256464
8.075416
8.657416
8.578834
8.669594
8.520640
8.522805
8.383153
8.545561
8.350731
8.550314
8.431303
8.691376
8.472400
8.585600
8.643794
8.258581
8.579391
8.509325
8.364712
8.218389
8.696208
8.419326
8.737354
8.576357
8.531713
8.699294
8.803018
8.688459
8.692757
8.993103
8.898782
8.337056
8.548031
9.059078
9.185974
9.054181
9.151187
8.972937
9.239043
8.896213
9.527033
8.874039
8.830049
8.992816
8.932428
9.014620
8.989070
9.030687
8.985632
8.961061
9.464635
9.269958
9.052982
9.101115
9.541192
8.895250
9.172296
9.246190
9.172841
9.328803
9.213507
9.453863
9.221923
9.487603
9.355986
9.328074
9.168501
9.154251
9.329068
8.762023
9.743517
9.534688
9.134928
8.776041
9.374946
9.109395
9.180211
9.364180
9.265325
9.426871
9.328072
9.272400
9.340854
9.127154
9.234982
9.220917
9.321515
9.245594
9.157954
9.092868
9.520365
9.272125
9.469691
9.315050
9.295235
9.445146
9.319890
9.257792
9.324059
9.265199
9.381473
9.164908
9.201337
9.369193
9.102452
9.089222
9.240542
9.377934
