10.758567
10.670480
10.751433
10.796804
10.573799
10.375451
10.502622
10.601955
10.707074
10.622588
10.540551
10.424830
10.436659
10.402703
10.517874
10.322871
10.376317
10.427639
10.260310
10.242701
10.121746
10.282342
10.668509
10.540284
10.518572
10.330344
10.354392
10.415759
10.419360
10.381501
10.371506
10.299571
10.550376
10.536409
10.522441
10.375272
10.130689
10.199495
10.126983
10.151308
10.223408
10.257767
10.180546
10.103324
10.212488
9.877058
9.732739
9.873966
9.841205
9.845591
9.858411
