7.730293
7.883052
7.648041
7.872645
7.617338
7.926737
7.772784
7.854976
7.997002
7.335963
7.749379
7.840452
8.089765
8.106922
8.150929
8.299495
8.085981
8.089911
8.130407
8.535310
8.055331
7.869839
7.945588
8.002990
8.057227
8.243399
7.632138
7.925381
8.153585
8.158185
7.825972
7.392342
7.906445
8.027595
7.876733
7.927461
8.034301
8.030216
7.954691
7.903137
8.101811
7.886720
7.874675
7.873074
7.857964
8.073631
7.792304
7.807529
8.002125
7.908801
7.592951
7.755182
7.817037
8.354570
8.527090
8.283732
7.689912
7.653559
7.859469
7.675048
7.572183
7.480165
7.672511
7.519563
7.786526
7.770824
7.881863
7.957697
7.938078
7.638888
7.681644
7.849252
8.058593
8.015545
8.175471
7.985099
7.992865
8.140709
7.880960
8.030441
7.856410
8.038034
7.921339
7.891975
7.727800
7.806306
8.409518
8.075738
8.160160
7.762525
8.097250
7.974670
7.852089
7.948618
7.808229
7.934808
8.053105
8.061870
7.978075
7.754587
7.531099
7.339183
7.993456
8.011025
8.179843
8.026248
8.308623
7.923228
7.962420
8.038807
8.335826
7.991985
8.074937
7.957640
7.987876
8.080932
8.165829
8.046914
7.950643
7.829401
8.014933
8.155411
8.193405
8.057114
8.074233
8.094426
8.010785
8.011478
8.122583
8.290991
8.284838
8.522673
8.539474
8.594177
8.361808
8.567637
8.917418
8.435038
8.578613
8.383587
8.511300
8.404495
8.562385
8.581041
8.600587
8.613794
8.429356
8.356797
8.317081
8.740861
8.473060
8.574463
8.263622
8.523026
8.655122
8.530024
8.595844
8.563368
8.528283
8.483414
8.603359
8.521886
8.408640
8.713727
8.906491
8.671914
8.774478
8.601351
8.464832
8.656281
8.450593
8.384344
8.223535
8.520707
8.947175
8.995610
8.577600
8.597570
8.704897
8.778936
8.664233
8.502373
8.709539
8.704233
8.494574
8.538004
8.926874
8.744422
8.913098
8.703448
8.513563
8.486053
8.669553
8.667684
8.875025
