9.031576
9.142439
9.097014
9.141436
8.181927
7.892607
7.992392
7.994803
7.997214
7.669579
7.486135
7.839165
8.004823
8.112848
7.833541
7.829652
8.212936
8.672185
9.076812
9.168271
9.295710
9.160446
9.160208
9.159969
9.330463
9.139515
8.934627
9.059787
9.049891
9.048301
8.900810
8.985609
8.976565
9.114656
8.924733
9.298903
9.249581
9.033007
9.001749
8.966780
9.193307
9.199529
9.254350
9.310421
9.429330
9.379489
9.298175
9.433506
9.434221
9.381162
9.435015
9.580217
9.498790
9.457573
9.314215
9.514677
9.477026
9.329407
8.361255
7.858571
7.680983
8.347635
8.727102
8.639347
9.385549
9.369487
9.412917
9.175098
9.442866
9.825329
9.187606
8.737161
8.832900
8.787887
8.422485
8.767859
8.824712
8.941690
8.807895
8.652723
8.782047
9.005855
9.048101
9.194704
9.122495
8.947550
9.407504
9.170927
9.267466
9.159153
9.229871
9.697679
9.275730
9.246079
9.370557
9.364739
9.259166
9.320589
9.173728
9.309659
9.318232
9.230099
9.077885
9.333118
9.286629
9.180001
9.153725
8.969900
9.105700
9.477901
9.144199
9.115164
9.264329
9.040191
8.752629
8.967273
9.105216
9.122296
8.964187
8.983886
8.789809
8.774593
8.135401
9.001896
8.668576
9.183122
8.763753
8.953645
9.034829
8.990485
8.884234
8.734943
8.711990
8.986590
8.946457
8.991430
9.245039
9.096824
9.112911
9.012719
8.883064
8.982307
9.092206
9.177366
9.047520
9.054791
9.040247
8.963618
8.717349
8.805287