2.158729
2.327955
2.190358
2.513804
2.463234
2.571648
2.657868
2.273986
2.677664
2.655067
2.429645
2.562077
2.450813
2.565616
2.700199
2.348625
2.713672
2.249494
2.469113
2.766938
2.560337
2.431021
2.605769
2.258514
2.621204
2.449767
2.706326
2.784651
2.882531
2.856868
3.034572
2.746912
2.950017
3.153121
3.142779
3.159323
3.309921
3.249739
3.123667
2.956725
3.290217
3.333997
3.755381
3.551093
2.352803
2.177778
1.772407
2.208696
2.858833
3.042132
2.948603
3.494336
3.086510
3.202694
3.197139
2.689040
3.090120
2.923401
2.964193
3.061281
3.045790
2.991189
3.153160
3.097382
3.103462
3.332465
3.530330
3.635583
3.536568
3.558656
3.525743