10.122709
10.154638
10.181004
9.998017
10.017050
10.045889
9.990867
10.282968
10.121245
10.138429
10.039407
10.018014
10.105831
9.883437
9.798485
9.778726
9.928189
9.840220
9.924543
9.880817
10.010834
9.833784
9.981075
9.807691
9.794637
9.851685
9.828416
10.015357
9.963008
9.813009
9.925347
9.818174
9.849940
9.996085
9.971294
10.173322
9.985250
10.153458
10.184130
10.199317
10.100536
10.055343
10.052131
9.987100
9.971572
10.087063
10.178755
10.128683
10.040351
10.043459
10.008436
9.954053
9.907194
9.969784
9.755643
9.823393
9.915969
9.840168
9.775993
9.706773
9.807255
9.835841
9.868604
9.976177
9.904537
9.937311
9.771990
9.900113
