10.942740
11.077081
10.858490
10.959149
11.022170
11.122216
11.222263
11.322309
11.079132
11.262198
11.297397
11.707246
11.056695
11.464631
11.270654
11.257391
11.280240
11.293820
11.106890
11.402743
11.307597
11.342000
11.490378
11.466417
11.226309
11.260535
11.344489
11.311917
11.464181
11.681427
11.817720
11.827319
11.996384
11.680071
11.732708
11.749355
11.766001
11.593818
11.558559
11.523300
11.689964
11.243089
11.708135
11.777801
11.704573
11.543282
11.730039
11.666960
11.711929
11.753897
11.820585
11.684808
11.691712
11.872683
11.922242
11.787579
11.783032
11.918993
11.938014
12.005356
11.978936
11.952516
11.926096
11.820579
11.901707
12.039630
11.923966
11.864031
11.913328
11.946571
11.830627
11.881275
11.972257
11.939441
11.877369
11.909894
11.951427
11.992960
12.034492
12.027190
12.019889
11.964917
11.937334
11.911577
11.885089
11.855314
11.845225
11.972339
11.814945
11.669916
11.769530
11.751725
11.954200
11.950630
12.005422
12.052231
12.030341
12.008451