9.405320
9.574427
9.385075
9.563109
9.330354
9.104902
9.143732
8.804317
8.945847
9.026118
8.707329
8.670975
8.672206
8.999741
8.792988
8.996891
9.163326
9.032787
8.883923
8.985909
8.808986
8.848325
8.852896
9.047961
8.985510
9.090599
9.009809
8.891991
8.843403
8.850896
8.710310
8.516270
8.388702
8.836929
9.021904
9.183746
9.213115
9.182306
9.246918
9.154955
9.062213
9.199612
9.247364
9.100597
9.086802
8.935781
9.016639
9.120430
9.166508
9.369133
9.189084
9.277976
9.410445
9.240845
9.345013
9.317535
9.316643
9.307672
9.319575
9.450844
9.373725
9.154760
9.400143
9.401841
9.483509
9.542512
9.455477
9.380970
9.273550
9.491733
9.324589
9.274340
9.266614
9.492891
9.539125
9.473821
9.468536
9.386612
9.460992
9.532000
9.557644
9.413843
9.348444
9.286442
9.173720
9.554884
9.380905
9.390325
9.424946
9.738681
9.528667
9.411069
9.408282
9.570556
9.640459
9.782858
9.871153
9.610281
9.770662
9.689276
9.686567
9.664572
9.804163
9.739534
9.606390
9.644522
9.535625
9.683760
9.728268
9.787596
9.641973
9.654889
9.460597
9.559249
9.505027
9.310117
9.384336
9.440734
9.667330
9.383403
9.286103
9.372683
9.307284
9.262922
9.320419
9.304472
9.271307
