6.312638
6.815457
6.447269
6.653581
7.006647
6.200748
6.039611
6.233961
6.143851
6.020721
6.049141
6.114024
5.951824
5.733689
4.811018
4.567080
5.020006
5.959585
5.797722
6.048878
5.910098
6.206320
6.180611
6.334150
6.428667
6.216048
5.723522
5.705336
5.066507
5.210732
5.354957
5.395740
6.322217
6.321217
7.286649
6.368517
6.353092
6.320899
6.188379
6.301120
6.044884
6.111456
5.783780
5.906792
6.556918
6.552999
6.230093
6.096154
6.250012
6.426362
6.389599
6.181317
6.113125
6.288977
6.559569
6.198298
6.152086
6.259954
7.264406
6.372765
6.359952
6.534746
