8.453162
8.160220
8.011720
7.863221
8.087734
8.312246
8.536759
8.604471
8.672183
8.645579
8.618975
8.592371
8.565767
8.540559
8.599448
8.505310
8.295353
8.336885
8.499555
8.408281
8.298721
8.189161
7.677172
7.165184
7.646810
8.128437
7.992201
7.855965
7.773817
7.729120
7.684423
7.655952
7.627482
7.864468
8.101454
8.338441
7.996755
8.446332
7.960450
8.001569
8.042687
7.924314
8.205656
8.203264
8.020279
8.300873
8.581467
8.862061
8.558104
8.487836
8.417568
8.562500
8.707432
8.852364
9.173513
8.014918
7.932144
7.413974
6.895804
7.808279
7.827547
7.846815
7.746651
7.646487
7.724230
7.801973
7.679825
7.557678
8.241788
7.947672
7.923406
7.899141
7.874875
7.730298
7.585720
7.441143
7.296566
6.663280
7.741855
