7.458818
7.496872
7.669283
7.791704
7.831125
7.583759
7.691500
7.497852
7.214607
7.395597
7.122349
7.269158
7.223325
7.230455
7.303570
7.582505
7.466082
7.158632
7.334497
7.331825
7.437919
7.359755
7.749418
7.770899
7.739863
7.737988
7.795603
7.655783
7.690406
8.056320
7.959166
8.119313
8.091143
8.037275
8.149118
7.813101
8.246527
7.667765
7.906180
7.861338
8.238570
8.662874
8.070655
8.333060
8.553652
9.686460
9.697326
9.194846
8.878078
9.298180
9.448788
9.235461
9.368854
9.589260
9.466895
9.385764
9.251290
9.194360
9.266525
9.418702
9.477828
9.346948
9.272124
9.608418
9.543683
9.522275
9.552382
9.519498
9.398251
9.434309
9.388338
9.636109
9.782421
9.874008
9.429018
9.562916
9.408210
9.346797
9.458878
9.394065
9.306853
9.388832
9.245823
9.665261
9.438291
9.282514
9.520256
9.334579
9.266778
9.501427
9.351501
9.252450
9.456980
9.550127
9.510081
9.556666
9.588860
9.287929
9.245785
9.503987
9.734711
9.605371
9.654025
9.564638
9.840090
9.577880
9.563878
9.787344
9.449228
9.500033
9.443866
9.467025
9.791091
9.429719
9.362653
9.095604
9.657193
9.115525
9.226742
8.932799
8.594515
8.873956
8.882958
8.959330
9.003377
8.956441
9.121077
9.036285
9.306736
9.280605
9.018578
9.159773
9.065738
9.052538
9.044788
8.778554
8.556148
8.943295
9.331836
8.648598
8.970265
8.974952
9.077265
9.136442
9.007203
9.181933
9.171106
8.953271
8.784478
