5.364494
5.095078
5.107808
5.010018
5.151571
5.099939
5.206368
4.974332
4.719217
4.290394
4.498100
4.673645
4.660498
5.070288
4.690035
4.783053
4.751796
4.624012
4.720923
5.500981
5.169060
4.973841
5.342293
5.394628
5.645130
5.166676
5.101836
5.349663
5.798990
5.970556
5.368704
5.201516
5.145845
5.452839
6.469872
6.106375
5.509721
5.655427
6.066918
5.604534
5.800852
5.578876
6.066130
5.412081
4.770654
4.009069
4.013356
4.264702
4.739369
4.155862
4.557384
4.958905
4.358820
4.027291
3.578901
3.283217
3.268529
3.253841
3.834395
4.414949
4.151582
4.052962
4.475603
5.367039
5.443538
5.340966
6.070192
6.515363
6.423078
5.875489
5.962650
6.204257
5.870467
6.260604
6.060358
6.424110
6.261095
6.376928
6.940944
6.740448
6.986848
7.893135
8.074845
7.825917
7.436935
6.911376
7.036915
7.610242
7.044182
7.674495
7.448575
6.978903
7.212230
6.629254
6.182650
6.037936
5.829879
5.137853
5.780412
6.600452
6.317728
6.457964
5.721684
5.800989
6.040580
6.067406
6.569318
6.113049
6.023077
6.202412
6.234601
6.310382
6.333903
6.285254
6.549077
6.575442
6.408612
6.430144
6.240048
6.604797
6.821395
6.661020
6.890756
7.226363
6.944486
6.771378
7.251467
6.786146
6.747046
5.917238
6.517119
5.983355
5.250960
4.925996
4.564868
3.939146
3.785211
4.462904
4.323296
4.608752
4.430848
4.392245
4.123940
3.391121
3.064223
3.352501
3.752277
