2.124413
1.939867
2.244120
2.457287
2.268618
2.395742
2.243970
2.385609
2.630704
2.668859
2.617257
2.565656
2.496720
2.525472
2.461366
2.332289
2.498405
2.498935
2.742632
2.722057
2.712168
2.581701
2.591053
2.488279
2.371976
2.410263
2.489750
2.290652
3.150416
2.891809
2.837436
2.952882
2.852460
2.482375
2.676518
2.731876
2.599618
3.014196
3.002477
3.053523
3.132280
3.138427
3.278179
3.004144
3.129870
3.024930
3.050879
3.338251
2.733922
2.156531
1.910446
2.928510
3.766449
4.111557
4.065438
4.019319
4.036847
4.710265
4.159215
3.608166
3.287060
3.351346
3.415632
3.501773
3.136551
3.127378
2.986967
2.846555
2.667207
2.599829
2.620736
2.641643
2.890304
2.915910
3.168840
3.163648
2.742581
3.317334
3.271451
3.524267
4.548292
3.939908
4.313709
4.398910
4.390521
4.350024
4.314807
4.385843
4.528360
4.624495
4.589262
4.597752
4.606242
4.614732
4.662543
4.557156
4.478546
5.210913
5.378731
5.022416
4.666101
5.055820
5.445540
6.275441
6.085519
5.895597
4.967143
4.266944
3.706454
4.219045
4.060749
4.055305
3.714408
3.590179
4.205433
3.909695
3.859246
3.467295
3.075344
3.634825
4.194306
3.584330
3.556576
3.533412
4.537853
4.387749
4.892436
4.341720
4.253019
4.239749
3.781298
3.982390
4.585830
4.203250
4.227821
4.252392
4.621077
4.205780
4.488103
4.710215
4.834476
4.865717
4.503050
4.140382
4.432675
