7.430820
7.174567
7.404160
7.614408
7.619560
7.680609
7.741658
8.043844
8.088886
8.133928
8.178970
8.224012
8.126837
8.029662
7.723120
7.416578
7.110036
7.018180
7.437782
7.857384
8.082451
8.307517
7.917348
7.527178
7.570234
7.613289
7.377159
7.425573
7.491432
7.504996
7.518560
7.620644
7.702243
7.783842
7.939714
8.076797
8.144786
7.875556
7.606325
7.337095
7.855616
7.506223
7.579874
7.653524
7.727174
8.035580
8.343985
8.652391
7.713788
6.698226
7.791082
7.519522
7.247961
7.298989
7.350016
7.345445
7.340874
7.336303
7.214776
7.093250
7.139414
7.089653
7.039892
7.066931
7.093971
7.102853
7.111734
7.120616
7.129497
7.029109
6.928720
7.174300
7.136606
