4.331261
4.367194
5.199132
5.524789
4.994891
5.009754
4.861267
5.201213
4.169412
4.233388
4.257017
4.304977
4.274221
4.393546
4.456146
4.382324
4.829382
4.501818
4.358184
4.329251
4.762685
4.241650
4.242716
4.505959
3.979885
3.986154
4.554474
4.583667
4.614165
4.546761
4.353580
4.646028
4.302658
4.454410
4.175711
4.331603
3.818812
4.196181
3.720868
3.988987
4.404282
3.947190
3.997801
3.460464
4.087148
3.855310
4.015087
3.790347
3.775523
3.458783
3.477747
3.440693
3.514487
3.711664
3.648444
3.414570
3.376560
3.587066
4.032162
4.319339
4.606516
3.770101
3.531607
3.061378
3.303654
3.226407
3.033286
2.752172
2.609820
2.694290
2.664570
2.771591
2.739513
2.948544
2.926886
2.962172
3.020174
3.118207
3.015062
2.811888
2.759403
2.434585
3.257668
2.628604
2.638557
2.689710
2.295274
2.317901
2.457953
2.091391
3.336612
3.226933
3.499211
3.543970
3.916763
