1.627871
1.692885
1.624294
1.314744
1.473537
1.686433
1.224631
1.469855
1.383958
1.353647
1.546334
1.616522
1.657992
1.619415
1.460272
1.487285
1.451224
1.979474
1.622834
1.593666
1.564497
1.376337
1.647552
1.501342
1.149516
1.607574
1.688359
1.519357
1.528460
1.480320
1.547273
1.474179
1.409377
1.571927
1.979547
1.920942
2.054751
2.066357
1.754268
2.051297
2.387702
2.108447
2.144646
1.930421
1.929297
1.840100
1.846981
1.887693
2.007311
2.449856
1.974510
2.185506
2.552970
2.497684
2.387856
2.190146
2.218210
2.122952
2.110481
2.236769
2.398277
1.982616
2.120803
2.088884
2.025554
2.375936
2.301131
1.893157
1.827199
1.806418
1.839401
1.915678
1.449188
1.707971
1.349644
1.549517
1.704313
1.666278
1.540617
1.281829
1.511351
1.373231
1.613674
1.538044
1.513702
1.483430
1.503059
1.879859
2.385411
2.239137
2.144570
2.109675
2.228215
2.767284
2.114603
2.300947
2.140514
1.856627
2.272904
2.068118
2.326730
1.761375
1.686814
1.767337
1.811595
1.751148
1.650949
1.880688
2.244852
1.941368
2.356946
2.319356
2.444916
2.937062
2.938959
2.522499
2.800227
2.465513
2.372438
1.843711
1.471449
1.331158
2.622584
2.657274
2.716676
2.493709
2.305214
2.315376
2.419782
2.492662
2.565543
2.638423
2.738764
3.507978
3.430048
2.574376
1.297775
1.075880
1.274064
2.144335
1.661086
1.943262
1.814643
1.998643
2.337286
1.967014
2.619900
2.517031
2.587017
2.581791
2.513827
2.448992
2.538393
2.560971
2.428348
2.193967
2.249007
2.288129
2.108428
2.137513
1.846822
1.841674
1.833979
1.672406
1.700678
1.476531
1.599029
1.586706
1.502841
1.513977
1.539798
1.574220
1.550262
1.633904
1.800221
1.705361
1.658276
1.516753
1.482979
1.661486
1.586607
1.669711
1.645347
1.777281
1.368685
1.225204
2.329086
2.156794
2.002092
1.863964
1.536087
2.215730
