7.019678
7.093339
7.050942
7.293307
7.794406
8.137819
7.212030
7.378929
7.462549
7.635019
7.811737
7.950118
7.857297
8.311451
8.208737
8.197596
8.174384
8.050501
8.006735
7.992475
8.018690
8.164561
8.090604
7.984292
8.055250
8.101478
8.140683
8.324209
8.328249
8.293049
8.036808
8.108005
8.192767
8.174554
8.161168
8.401436
8.286336
8.092068
8.139909
8.391563
8.351575
8.173891
8.237237
8.010662
7.762066
7.750918
7.388689
7.298512
7.265138
7.421682
7.408060
7.256390
7.256980
7.342057
7.511128
7.524812
7.441603
7.779269
7.547601
7.296422
7.317963
7.208701
7.189425
7.112156
7.122384
7.201607
7.210423
7.238679
7.225334
7.449251
7.605462
7.493853
8.011804
8.151180
8.142937
8.390464
8.047791
7.841660
7.985038
8.067566
8.061938
7.798995
7.876371
7.987145
7.955808
7.924327
8.144072
7.998950
7.906618
7.791426
7.788877
7.894962
7.829709
8.000422
7.947474
7.487084
7.584238
7.626557
7.845110
7.869938
7.523692
7.659396
7.651976
7.613125
