9.418783
9.686712
9.694939
10.311479
9.871650
10.022184
10.055893
10.113709
10.101820
10.004315
9.823692
10.019237
9.971724
9.790340
10.003636
10.120680
9.961880
9.869290
9.872993
9.857044
10.155053
10.264312
10.408899
10.197456
10.091858
10.172455
10.213642
10.377642
10.381404
10.434689
10.743406
10.721526
10.780090
10.841803
10.628184
10.820342
10.829615
10.838888
10.870866
10.902843
10.883802
10.941754
10.999706
10.868129
10.736552
10.673143
10.822114
10.834697
10.847279
10.900071
10.986813
10.720482
10.863909
10.835856
10.869432
10.903008
10.746233
10.955328
10.746744
11.277895
11.259868
10.592794
10.552790
10.920703
10.832296
10.906806
10.485621
10.496986
10.228585
10.246513
10.432093
10.154113
10.359434
9.908730
10.151005
10.025188
10.000520
9.975852
10.045744
10.040440
10.105863
10.260495
10.097655
9.902840
9.738820
10.046634
10.226587
10.078498
9.848424
9.722742
9.843939
9.866141
9.979162
9.675284
9.828868
10.068736
10.359725
10.518405
10.344465
10.017333
9.933787
9.742264
9.555514
9.699328
9.663034
9.683139
9.715593
9.826164
9.695088
9.734944
9.869257
9.736576
9.663350
9.859901
9.546147
9.560446
9.483299
9.497981
9.397605
9.536318
9.410925
9.653983
9.505158
9.610867
9.720081
9.628062
9.701730
9.781358
9.911644
9.826803
9.803055
9.755748
9.809209
9.764758
10.008304
9.977409
10.167328
9.926461
