7.359828
7.341880
7.574799
7.524295
7.593222
7.534314
7.441337
7.348360
7.290611
7.172373
7.480145
7.692170
7.502233
7.647169
7.192262
7.342008
7.438669
7.348379
7.263345
7.437282
7.152319
7.545102
7.543874
7.542646
7.628859
7.715073
7.662495
7.851723
7.627027
7.520554
7.616401
7.712249
7.851069
8.028627
7.971900
7.915174
7.956586
7.875486
7.794386
7.634693
7.475000
7.644721
7.814441
7.871325
7.928208
7.785018
7.821984
7.944608
7.879028
7.791510
7.703991
7.518889
7.660405
7.935213
8.025504
7.651032
7.543348
7.435665
7.327981
7.220298
7.780071
8.045147
8.300116
8.233925
8.167734
8.065708
7.955761
8.154862
7.881819
7.774450
7.651167
7.366523
7.574237
7.718786
7.664455
7.886035
7.873738
7.903031
7.927744
8.053188
8.213249
8.045527
7.851442
8.156329
8.087452
8.090038
8.100296
8.135059
8.174419
8.028221
8.236428
8.365719
8.332048
8.368715
8.152836
7.769728
8.156103
8.182723
8.165224
8.130393
8.094463
8.421007
8.372635
8.258444
8.160049
8.256773
8.304321
8.537315
8.382359
8.483296
8.364045
8.493501
8.494739
8.428798
8.362857
8.665803
8.637496
8.641817
8.191039
8.038865
8.122087
8.205308
8.108015
8.162438