8.436264
8.542196
8.558228
8.574259
8.590291
8.610340
8.515294
8.588368
8.661442
8.925307
8.760128
8.606203
8.770552
8.564991
8.674368
8.557643
8.599984
8.577211
8.545466
8.355463
8.705856
8.668381
8.786940
8.710114
8.726461
8.520308
8.693780
8.552240
8.435966
8.343226
8.396592
8.449959
8.503325
8.446210
8.562662
8.679114
8.764215
8.753024
8.661971
8.754843
9.033839
8.687714
8.783325
8.678290
8.658819
8.891863
8.918084
8.944305
8.954976
8.965647
8.880746
8.994058
8.837645
8.580829
8.700574
8.672588
8.644601
8.753591
8.868286
9.109230
9.138058
9.166886
