7.448156
7.461248
8.100932
7.468664
7.814412
7.294971
7.421426
7.253945
7.179019
7.464110
7.967917
7.663833
7.867268
7.626982
8.016059
7.714025
7.813829
7.912915
7.885476
7.764125
7.788395
7.969176
7.887913
7.929351
7.708509
7.644958
7.760767
7.766010
7.713937
7.655847
7.880332
7.651029
7.511183
7.512996
7.386048
7.626380
7.866712
7.624163
7.178515
7.401735
7.715633
7.938346
7.719056
7.607274
7.763932
7.539330
7.673226
7.773740
7.703442
7.656839
7.729237
7.664495
7.757574
7.622296
7.673528
7.701247
7.612021
7.596833
7.695725
7.652092
7.740210
7.742449
8.032274
8.023408
8.014289
7.833064
8.187601
7.791903
7.748829
7.696626
7.530884
7.665292
