7.462261
7.349707
7.736122
7.595981
7.899661
8.096966
7.633034
7.379543
7.196020
7.322976
7.128120
7.598810
7.571853
7.893006
7.799736
7.862867
7.712426
8.207737
8.206248
8.225619
8.186163
8.105352
8.318624
8.410048
8.633851
8.629615
8.600800
8.463205
8.248124
8.312825
8.214280
8.548775
8.653109
8.308522
8.324247
8.296915
8.040572
8.441365
8.521164
8.501787
8.497022
8.584315
8.219386
8.151577
7.980172
8.067710
8.005694
7.887565
7.831860
7.798531
7.687160
7.947369
7.890955
7.474641
7.364253
7.345091
7.217202
7.106268
7.242822
7.109607
7.281756
7.731807
7.667616
7.415552
7.289721
7.399067
7.312971
7.113566
7.418149
7.100947
7.396944
7.302072
7.270268
7.374797
7.398772
7.584416
7.232385
7.559856
7.698312
7.691047
7.459996
7.707070
7.308504
7.535627
7.677778
7.345969
7.457864
7.536362
7.755796
7.303628
7.481389
7.179210
7.644815
6.986853
6.861724
6.927860
6.942292
7.214709
6.863335
7.204496
7.500003
6.442566
6.248401
6.284756
7.587152
7.260674
7.537552
7.697701
7.855111
7.381568
7.538206
7.489677
7.984812
7.510309
7.403341
7.515472
7.298961
7.584042
7.786263
7.541653
7.325553
7.675329
7.131372
6.940183
7.728711
7.363501
7.569681
7.535246
7.961226
7.462798
7.551132
8.097315
7.723725
7.684565
7.432365
7.650685
7.607590
7.723961
