8.510930
8.562921
8.634130
8.538204
8.486239
8.440780
8.590373
8.792029
8.734630
8.821716
8.941149
8.981811
8.865114
9.100309
8.893940
8.991679
8.958563
9.060893
8.878459
8.840814
8.873068
8.906384
9.103857
9.254681
9.197072
9.474193
9.316643
9.603496
9.429018
9.692362
9.596922
9.692915
9.889057
9.809454
9.844628
9.742059
9.774378
9.947717
10.021024
10.023025
9.929019
9.853932
9.993399
10.196092
9.984376
9.947343
10.086358
9.856934
9.703528
9.640347
9.450372
9.602025
9.667958
9.825279
9.716824
9.823570
9.526661
9.499317
9.488699
9.042432
8.989761
8.876420
8.818551
8.797769
8.846734
9.048136
9.018011
8.847972
8.826630
8.404502
8.491713
8.343714
8.510785
8.365570
8.369533
8.626394
8.816271
8.865391
8.550716
8.669038
8.805444
8.704239
8.530854
8.542947
8.433476
8.529807
8.683257
8.931518
8.934717
8.824736
8.856759
8.792197
8.643841
8.805087
8.748152
8.766239
8.737219
8.761442
8.749955
8.517238
8.305683
8.072743
8.121431
7.977093
7.828565
7.605308
7.657044
7.675903
7.943856
7.707116
7.504890
7.170491
7.357519
7.287077
7.223065
7.585710
7.728892
