9.671204
9.567485
9.253549
9.411856
9.548844
9.611596
9.590799
9.513359
9.460262
9.524534
9.569206
9.596124
9.619335
9.642546
9.149177
9.223671
9.440491
9.657312
9.623937
9.604821
9.562744
9.520667
9.459292
9.397917
9.336542
9.275168
9.267100
9.267640
9.268181
9.268721
9.373445
9.370754
9.286963
9.579740
9.431781
9.537860
9.227969
9.324390
9.114248
8.979017
9.255224
9.162278
9.069333
9.091471
8.874270
8.927580
8.980890
9.034200
9.612200
9.355037
9.097873
9.217769
9.071449
8.829272
9.537868
9.563093
9.337142
9.618813
9.689871
9.779096
9.630042
9.417317
9.739593
9.507841
9.479842
9.451844
9.577819
9.703794
9.829769
9.888059
9.391018
8.893976
9.258677
9.623378
9.642374
9.627385
9.710441
9.438635
9.705741
9.556937
9.383002
9.209066
9.282983
9.356900
9.027905
9.176009
9.324114
9.472218
9.620322
9.551705
9.478661
9.566764
9.562129
9.557493
9.400274
9.243055
9.205452
9.167850
9.295955
9.514299
9.450404
9.474348
9.518011
9.744476
9.970942
10.197407
10.009532
10.200576
9.933931
10.374898
10.203709
10.032520
10.035356
9.957197
9.769859
9.849901
10.130376
10.087943
9.957373
9.984787
9.866711
9.970855
10.074999
10.186961
10.268516
10.170148
10.073785
9.932115
9.790446
9.632207
9.684441
9.557492
9.433471
9.526569
9.481207
9.435846
9.579574
9.661638
9.443488
9.454639
9.465790
9.476941
9.432442
9.585702
9.703331
9.527198
9.742666
10.160316
9.800272
9.794375
9.788479
9.827338
9.611885
9.768502
9.700128
9.700982
9.411479
9.204554
9.102165
9.170768
9.239371
9.121985
9.084522
9.072809
9.061097
9.077106
9.065734
9.062624
9.027145
9.081917
9.051316
9.197486
9.343657
9.340565
9.139750
9.122946
9.153909
9.184872
9.215835
9.246798
9.175626
9.031617
8.887608
9.582657
9.455467
9.531685
9.601908
9.434725
9.679689
9.924653
10.075786
9.915595
9.832913
9.754334
9.741107
9.670542
10.015932
9.950282
9.911575
9.488795
9.572017
9.655239
9.738462
9.680593
9.590145
9.499697
9.429141
9.377007
9.630397
9.883787
9.679490
9.709944
9.743122
9.697089
9.921034
9.779007
9.867052
10.060379
10.025129
9.941273
9.832031
9.715215
9.549622
