5.942319
5.736042
5.939645
5.749033
5.816793
5.569267
4.823367
4.670228
5.583524
5.863119
5.974633
6.061211
5.748091
6.153962
6.010783
5.881901
5.012417
5.949767
5.844136
5.970852
6.059007
5.901736
6.264355
6.271310
6.174579
6.344289
5.937398
5.858992
6.515591
6.114203
6.131234
6.365480
5.838131
6.150914
6.336378
6.326253
6.031870
6.381515
5.969543
6.222162
5.818279
6.652205
6.192751
6.033644
6.101560
6.053189
6.335435
6.449804
6.490261
6.525005
6.026480
6.355580
6.320551
5.958583
6.148503
6.023937
5.549017
5.577830
5.841894
5.625342
5.395440
5.494022
5.325967
5.485786
5.191062
5.175345
5.476615
