5.745923
5.633740
5.521558
5.565212
5.608866
5.652520
5.696174
5.797102
5.678772
5.407214
5.135657
5.700835
6.266014
5.835717
5.405421
4.975124
5.262972
5.550821
5.660144
5.769466
5.960286
6.151106
6.341926
5.774265
6.081277
5.906511
6.194417
6.180139
6.165861
6.438208
6.308768
6.179327
6.320029
6.460730
6.425981
6.391233
6.039473
6.157012
6.274550
6.392089
6.208795
6.244512
6.280230
6.330216
6.380203
6.338740
6.311398
6.284057
6.256716
6.198236
6.139756
6.081276
6.022797
5.991784
5.960772
5.929760
6.037786
6.101998
6.166210
6.230422
6.294633
6.261521
6.228409
6.294420
6.575606
6.280342
6.119325
6.388614
6.592279
6.795944
6.999609
5.910980
5.968718
6.026455
6.084193
6.141931
6.100960
6.059989
6.019019
6.525358
6.494766
6.586496
6.678225
6.546061
6.539528
6.407995
6.397280
6.342009
6.286738
6.231467
6.408093
6.046671
6.137444
6.040607
6.348424
6.241375
6.134326
6.027277
6.129490
6.176676
6.223861
6.091491
5.959121
5.952019
5.849353
5.746686
5.644020
5.625399
5.606777
5.588156
5.738850
5.889544
5.936861
5.984178
6.031494
6.184024
6.336553
6.489082
6.241649
6.344566
6.656602
6.442388
6.228175
6.318555
6.491709
6.159764
6.139154
6.334949
6.324332
6.359160
6.393987
6.555821
6.717655
6.787501
6.864008
6.997802
7.071693
7.049828
6.964001
7.134823
6.836877
6.729049
6.840777
6.865995
6.891214
