10.778016
10.715507
10.738201
10.837767
11.077836
11.051486
10.738248
10.807811
10.715460
10.396168
10.782875
10.911247
10.576215
10.699243
10.747771
10.636904
10.597527
10.860417
10.640789
10.769317
10.657349
10.719698
10.645086
10.934549
10.887107
10.839666
10.644138
10.694409
10.780673
10.530054
10.502916
10.833825
10.693878
10.949337
11.293627
10.565431
10.543767
10.628787
10.304655
10.372476
10.272049
10.116778
10.352077
10.082501
10.343540
10.297393
10.344875
10.273437
9.992500
10.194701
10.182650
10.155986
10.061454
10.303285
