7.679851
7.670712
7.965021
8.259329
8.192670
8.308610
8.121520
8.298865
8.476210
8.376585
8.276960
8.509783
8.496398
8.254616
8.440132
8.720549
8.977163
9.233777
9.490391
8.880885
8.271378
8.294290
8.163201
8.032112
8.394131
8.416297
8.438464
8.460630
8.425284
8.389939
8.392848
8.361359
8.657687
8.387242
8.478882
8.570521
8.662161
8.753801
9.283964
8.800187
8.746109
8.692030
8.724379
8.986994
8.774440
8.791848
9.189866
9.472805
9.242805
9.122860
9.002915
9.152007
9.301099
8.981067
9.005437
9.021152
9.036866
9.052580
9.003116
8.870727
8.851519
8.640691
8.806664
8.624320
8.610697
8.523609
8.436522
8.656153
8.709055
8.761956
8.834224
8.896346
9.047916
8.852213
8.894284
8.970495
9.024066
9.015272
9.006479
9.307185
9.134601
9.225782
9.316963
9.234523
9.312396
9.391663
