8.614413
8.514424
8.414434
8.403813
8.393191
8.382569
8.825660
8.379746
8.372144
8.364541
8.635574
8.473201
8.332216
8.191231
8.175932
8.287503
8.352997
8.629295
8.665227
8.545859
8.426491
8.631582
8.836673
8.804332
8.771992
8.904311
9.036630
9.006249
9.006287
9.006326
8.853378
8.839744
8.946907
9.088131
9.177036
9.072281
8.940053
9.352621
9.082994
9.215611
9.316483
9.332068
9.032062
9.188354
9.189625
9.101898
9.014171
9.094678
9.038524
8.982370
9.173632
8.983813
8.912181
8.961493
8.855639
8.749784
8.866230
9.144547
8.859319
9.057501
9.185397
9.029495
9.352646
9.194454
9.149686
9.071065
8.860860
8.879522
9.066720
9.592030
9.519725
9.795661
9.439510
9.338178
9.184734
9.045668
9.189114
9.030180
8.871245
8.734325
8.962752
9.002884
9.002986
8.983550
8.698350
