6.091677
6.146507
6.040103
6.163992
6.382961
5.844664
6.129087
6.365300
6.547897
6.182389
5.908654
5.980814
6.157340
6.012078
6.213995
6.422769
6.477044
6.237818
6.495841
5.969317
6.134194
6.729244
6.235160
6.026677
6.158321
6.032353
5.982621
5.924692
6.291617
5.784440
5.852855
5.900006
6.033916
4.892577
5.677367
5.482620
5.287873
5.975820
5.601949
5.390043
5.681534
5.695766
5.450814
5.242976
5.420619
4.949118
5.372401
5.325509
5.534757
5.206899
5.122293
5.038882
4.956964
4.749571
4.812421
4.709356
4.550706
4.365145
4.282113
4.097996
4.642104
4.656187
3.805150
3.519804
3.729470
4.727923
4.731731
4.675921
4.518557
