8.428299
8.473578
8.391798
8.319743
8.199661
8.255982
8.309296
8.406552
8.347144
8.124827
8.157962
8.191097
8.179362
8.322366
8.465370
8.739747
8.404784
8.515686
8.626589
8.737492
8.848394
8.698155
8.547915
8.461793
8.375670
8.289547
8.609410
8.641166
8.672922
8.677943
8.650209
8.622475
8.594741
8.783746
8.811336
8.838927
8.866187
8.893447
8.761052
9.115802
8.785548
9.100490
8.614817
8.835647
8.803348
9.018289
8.069490
8.355657
8.268392
8.323352
8.217015
8.110678
7.876251
8.074276
8.708265
8.541232
8.374199
8.207166
8.195172
8.279164
8.469726
8.228988
8.554084
8.379538
8.204993
8.347479
8.105068
8.389384
8.446019
8.502655
8.559290
8.756146
8.328135
8.447958
8.395657
8.278559
8.560599
8.553912
8.737086
8.621637
8.675475
8.769683
8.732114
9.141348
8.903073
8.779118
9.001604
8.894441
8.877998
8.794356
8.603979
8.572367
8.540755
8.172445
8.529755
8.642384
8.755014
8.874662
9.009711
9.321867
9.026029
8.734582
8.811468
8.949977
8.868398
8.871281
8.728607
8.585933
8.711849
8.711285
8.710721
8.876844
9.042967
9.151375
9.173471
9.195566
9.222472
9.046101
9.198142
9.142902
9.228551
9.314199
9.399847
9.485496
9.494233
9.502969
9.321608
9.368834
9.416061
9.396690
9.544505
9.563873
9.583242
9.602610
9.320734
9.290816
9.156813
9.022809
8.888805
9.331454
9.458189
9.584924
9.201502
9.186286
8.967235
9.031842
9.126894
9.138998
9.481392
9.145140
8.808887
8.922946
8.998226
9.136799
9.028451
9.025181
9.400546
