9.575733
9.282404
9.183413
9.240916
9.286953
9.354671
9.289732
9.679520
9.499949
9.618060
9.763629
9.487465
9.506938
9.403228
9.744521
9.561248
9.742288
9.458143
9.545635
9.421172
9.366801
9.586463
9.245561
9.316762
9.387964
9.295213
9.682529
9.505366
9.548304
9.843867
9.831176
9.760173
9.796526
10.023476
9.905850
10.049684
9.949113
9.883253
9.872271
9.801743
9.647517
10.010827
10.211928
10.144374
10.141328
10.170485
10.136028
10.116598
10.215821
10.302891
10.195840
10.281210
10.448567
10.435841
10.182257
10.085688
10.264023
10.354017
10.206125
10.058232
9.780392
9.998169
9.864823
9.648709
9.731555
9.794004
9.979470
9.897881
9.736338
9.752072
9.694052
9.338819
9.718066
9.652056
9.699754
9.472546
9.624688
9.661174
