10.925901
11.072956
10.866464
10.996178
11.095066
11.014176
11.011577
11.107184
11.092226
10.988689
11.057612
10.799842
10.983270
10.916578
11.204262
11.150503
11.156100
10.995631
11.092840
11.068866
11.335420
11.399148
11.177488
11.091149
11.498673
11.411979
11.415086
11.391807
11.520693
11.562266
11.497642
11.517345
11.572197
11.739845
11.280627
11.601611
11.356431
11.670394
11.335190
11.494785
11.539165
11.449188
11.323176
11.384028
11.273651
11.246253
11.119642
10.836470
11.256085
11.240007
11.194013
11.356913
11.451993
11.112675
11.375899
11.298484
11.221068
11.298465
11.311442
11.549340
11.517685
11.640153
11.389179
11.065215
11.303151
11.447907
11.131004
