9.699646
9.388684
9.608909
9.374092
9.621327
9.558073
9.494818
9.258059
9.553290
9.664889
9.752191
9.520353
9.607688
9.321060
10.391971
9.770361
9.729461
9.729207
9.850743
9.809766
9.768788
9.669645
9.922846
10.123015
10.018372
9.379107
9.796749
9.669606
9.564836
9.293904
9.256134
8.886598
9.084959
8.972175
9.415929
9.212617
9.054706
9.059764
8.850329
8.794480
8.493902
8.756458
9.073740
8.979788
8.559593
8.650650
8.770482
8.745022
9.127122
9.023165
9.034646
8.973936
9.057601
8.976128
8.899987
8.945499
9.019682
8.833605
8.984539
9.130538
9.296465
8.782606
8.659385
8.647602
8.532771
8.247506
8.178035
8.267946
8.070607
8.032363
8.193788
8.114878
7.808243
7.625601
8.434158
8.814344
8.634849
8.455354
7.673933
7.719878
7.740992
7.685141
7.768407
7.640780
7.554859
7.434400
