8.745655
8.686101
8.130561
9.014098
8.445669
8.351892
8.398776
8.428749
8.178016
8.229618
7.957253
9.289052
9.237749
9.288417
8.905265
8.621229
8.036608
8.231758
8.407036
8.425866
8.547586
8.507492
8.488918
8.265150
8.190250
8.931607
8.546939
8.393137
8.022380
8.891712
8.793118
8.535359
8.607997
8.260035
8.402591
8.269149
8.535885
8.554542
8.651049
8.858215
8.803981
8.766559
8.733253
8.925816
9.038284
9.065067
9.153811
9.206440
8.736748
8.697380
8.846990
8.889020
9.530573
9.291342
9.024549
9.393278
8.860535
9.056653
9.554871
8.761446
9.081719
9.168523
8.969332
9.068883
9.212824
8.921682
9.205160
8.976920
8.848196
8.465141
8.616054
8.539609
8.700288
8.628678
8.828286
8.591542
9.023400
8.944980
9.051998
8.679029
8.755107
8.648744
9.212672
9.695208
8.803566
8.638959
8.697664
8.920105
9.062504
8.669724
8.932803
9.161784
9.224525
8.856088
8.883170
8.701320
8.849582
8.743967
8.788719
8.784141
8.853176
8.992504
9.124793
9.049715
9.040222
8.764287
8.967279
8.449071
8.691748
8.660667
8.763942
8.510524
8.481930
8.209558
8.112321
8.277914
8.481008
8.378215
8.070276
8.305840
8.317166
8.079228
8.340576
8.369170
8.569626
8.847583
8.398627
8.355132
8.243923
8.211471
8.560245
8.778741
8.807390
8.781515
8.592570
8.621978
8.742907
8.506813
8.899952
9.199595
8.808338
9.113975
8.766053
9.028297
8.727197
8.844740
8.883446
8.761293
8.880564
8.934913
8.832743
9.498694
9.106196
9.266558
8.935081
8.736997
8.947594
9.136143
9.024511
8.857329
8.757026
8.733379
9.042594
9.487920
9.065346
8.906567
9.071275
8.828595
8.820523
8.919992
9.129529
9.540155
9.328474
9.182458
8.935392
9.071274
8.717007
9.089036
9.043428
9.203267
9.046088
9.489679
9.240734
9.475934
9.440049
9.523677
9.410647
9.675369
9.454707
9.161419
9.015354
9.213934
9.255938
9.229815
9.436349
9.445340
9.637306
9.560386
9.545868
9.617490
