5.655921
5.510398
5.481310
5.350208
5.541726
5.425719
4.653266
4.789230
4.909795
4.745164
5.035236
5.325308
4.940330
5.433032
4.776973
4.422396
4.158632
4.361943
3.521020
3.656007
4.231206
4.806405
4.920799
4.869315
5.116255
4.539799
4.621552
4.629479
4.637407
4.377490
4.429915
4.482340
4.686850
4.541082
4.281090
4.374435
3.536228
3.994440
4.663097
4.422717
4.228966
4.355407
4.236912
3.740096
4.269313
3.886847
3.834475
4.066691
3.866146
3.665600
3.656898
3.648196
3.868296
4.083367
3.878725
3.918347
3.846850
3.639086
3.607727
3.717015
3.565339
3.877999
3.619889
3.497693
3.653486
3.452127
3.728679
3.753595
3.942686
3.956235
3.910957
3.701183
3.626104
3.690919
3.543387
3.591615
3.655219
3.435465
3.569372
3.646395
3.922684
3.731886
3.746563
3.632136
3.545780
3.605697
3.642377
3.781246
3.652432
3.592510
3.741569
3.831627
3.746041
3.501881
3.578128
3.453536
3.631426
3.388107
3.593996
3.438778
3.586797
3.878265
4.332196
3.574109
3.698225
3.507941
3.368742
3.611454
3.806899
3.622516
