8.155593
8.253266
8.756544
8.731486
8.706428
8.723753
8.647534
8.786194
8.655699
8.611143
8.611335
8.440109
8.487500
8.731307
8.810584
8.938866
9.067147
9.087308
9.012412
9.142505
9.141421
9.066251
9.190226
9.254423
9.437477
9.772247
9.286800
9.304450
9.529748
9.633117
9.736486
9.627471
9.578333
9.484535
9.374715
9.223909
9.158548
9.061659
8.913473
9.172211
9.153361
8.901591
9.186822
9.329557
9.151704
9.280129
9.455976
9.542773
9.622764
9.552668
8.379702
8.055349
9.418783
9.686712
9.694939
10.311479
9.871650
10.022184
10.055893
10.113709
10.101820
10.004315
9.823692
10.019237
9.971724
9.790340
10.003636
10.120680
9.961880
9.869290
9.872993
9.857044
10.155053
10.264312
10.408899
10.197456
