8.168811
8.331094
8.127570
8.239705
8.282491
8.325276
8.368062
8.098557
8.130508
8.015612
8.059867
8.108537
8.077691
7.624149
8.257631
7.971508
8.078383
8.201080
8.063173
8.164846
8.260075
8.055513
8.038938
8.122865
8.157072
8.191280
8.197870
8.204461
8.226591
8.033545
7.840498
7.724413
7.839292
7.954171
7.843826
7.733482
7.526723
7.274240
7.511175
7.560826
7.610477
7.588338
7.276469
7.041112
6.805754
7.124619
7.443484
7.762350
7.789880
7.817410
7.844940
7.898972
7.660712
7.574252
7.713527
6.940634
7.643995
7.553097
7.504728
8.131275
7.683648
7.772243
7.733864
7.371152
7.612896
7.854641
8.096385
8.317154
8.056964
7.961200
8.464498
8.357650
8.039268
7.850454
7.070171
7.304763
7.539355
8.105522
8.120463
8.135404
8.322907
8.240990
7.938965
7.928436
8.063437
8.043748
8.024058
8.004369
8.021864
8.039360
8.068784
6.966549
7.217999
7.469449
8.019389
8.197034
7.994223
8.078324
7.618128
7.859965
8.101801
7.980217
7.919323
7.858428
8.174633
8.390682
7.536164
7.689865
7.338479
7.519740
8.539443
7.678783
8.224015
7.712790
7.796606
7.747727
6.861153
6.987758
7.306057
7.284881
7.789319
6.800384
7.654595
7.420097
7.496519
7.537756
7.362082
7.138121
7.480356
8.510185
7.889236
7.268288
7.417402
7.378579
7.290154
7.473093
7.449783
7.327978
7.206173
7.130814
7.055455
7.273271
7.198301
7.437738
7.545283
7.205409
7.298837
7.174520
7.274457
6.925832
7.139683
7.046281
7.634344
8.222408
7.118551
7.607017
7.058099
7.045872
7.521623
7.542477
7.545548
7.438848
7.642949
7.691051
8.277671
7.664373
7.653838
7.456606
7.259374
7.847952
8.014448
8.351777
8.392418
7.247066
7.847092
7.690440
7.848148
8.023757
7.852389
7.996717
8.013609
6.685970
6.838255
7.677975
7.416493
8.191479
7.971686
6.799096
8.068985
6.807879
6.800311
6.792743
