9.991192
10.328499
10.224309
10.157895
10.008301
9.732470
9.790252
9.728976
9.963930
9.493403
9.670759
9.818275
9.719431
9.705024
9.734388
9.614724
9.754757
9.878334
9.897734
9.721155
9.608014
9.814145
9.874462
9.857055
9.490639
9.935500
9.876019
9.945134
9.980768
10.225917
10.180183
10.258939
10.075740
10.246590
10.039668
10.162067
10.236067
10.468461
10.486368
10.771757
10.615349
10.277846
10.395553
10.327575
10.438842
10.167343
10.645980
10.464235
10.332146
10.617302
10.381742
10.581870
10.147776
9.965408
10.111047
10.393500
10.373838
10.044081
10.073856
10.101102
9.814078
9.890725
10.016648
10.198850
10.064488
10.082363
9.967123
10.544436
10.417352
10.399272
10.217058
10.306736
10.134744
10.181588
10.123391
10.382413
9.840763
9.620615
10.323789
10.228313
10.059601
10.104875
10.060596
10.140293
10.461546
10.058203
10.324340
10.448517
10.379280
10.392975
10.352024
10.195435
10.837504
10.512267
10.517282
10.449525
10.336994
10.193687
10.190312
10.316764
10.241358
10.293408
10.237696
10.366757
10.453792
10.092106
9.878384
10.506625
10.482595
10.715601
