9.352522
9.632874
9.742241
9.685083
9.930131
9.997824
9.776864
9.660884
9.622948
9.624522
9.681509
9.859401
9.818180
9.666662
9.740862
9.614524
9.681648
9.785478
9.662679
9.877893
9.830149
9.843705
9.714181
9.587065
9.465446
9.592703
9.593096
9.413604
9.671539
9.576619
9.735759
9.935849
9.526707
9.732373
9.654868
9.514170
9.572743
9.469556
9.873439
9.653024
9.435088
9.479623
9.268190
9.648924
9.310266
9.324470
9.215712
9.114027
8.988120
9.082847
8.956870
9.085953
8.578417
8.488482
8.527173
8.334565
8.628690
8.212978
7.628485
8.113443
8.143574
8.239550
8.491085
8.246949
8.014817
7.867513
7.215696
7.063968
7.569153
7.502741
7.386414
7.020771
7.221940
7.733245
7.393261
7.407567
7.286477
7.259024
7.490600
7.515143
7.441152
7.228493
7.074592
7.468932
7.369860
7.411058
7.204483
7.358903
7.402225
7.281987
7.498165
7.519323
7.336371
7.320434
7.135338
7.225727
7.444983
7.335434
7.618337
7.399385
7.703683
7.605903
7.654323
7.779658
8.177603
8.240450
8.014285
7.689399
7.050062
7.349395
7.620798
7.468754
7.708505
7.861387
7.790815
7.817024
7.372068
7.588842
7.462162
