4.944615
4.825484
5.220839
5.156691
5.302138
4.982350
4.969657
4.900119
4.822748
4.899732
4.809641
4.910938
5.287558
4.963721
5.249026
5.057996
4.893203
4.705173
5.306177
5.255169
5.335990
5.524777
5.214456
5.030998
4.944661
4.843713
4.267088
3.969389
4.548461
4.955358
4.706993
4.775030
4.490119
4.270775
4.069341
3.448812
4.453205
4.372744
4.325055
4.281906
3.854286
4.111888
4.490887
4.250051
4.302895
4.636555
4.232791
4.594029
4.714364
4.003839
3.988121
3.712404
4.284483
4.168129
4.288293
4.879390
4.335299
4.576813
4.439993
4.562321
4.210624
4.514707
4.526362
4.586516
4.914804
4.773539
4.645420
4.749695
5.602313
5.856610
5.615884
5.375159
5.134434
4.893708
4.978396
5.271442
4.107387
4.037619
4.171301
4.168009
4.476007
4.685077
4.179772
3.998177
4.107357
4.606988
4.487911
4.349830
4.763528
4.663007
4.597049
4.818811
4.561537
4.220825
4.259570
4.415789
4.483156
4.658373
4.307434
4.193161
4.413016
4.307770
4.380595
4.369220
4.390455
4.530475
4.309288
4.422149
4.258184
4.019312
4.275789
4.274253
4.380928
4.391588
3.979308
4.403940
4.328219
4.177621
4.488970
4.352563
4.383082
4.321827
4.080805
4.002145
4.454543
4.159955
4.347136
4.299799
4.165209
3.920443
4.137054
4.472389
4.528680
4.472458
4.402987
4.628502
4.223595
4.379554
4.545134
4.606161
4.698829
5.876395
5.756811
5.963414
6.170017
5.841963
6.030530
5.940791
5.851052
5.622089
5.393125
