9.803894
9.610158
9.952773
9.910383
9.966702
10.131792
10.306540
10.244582
10.497961
10.352890
10.343197
10.408531
10.386637
10.421962
10.480082
10.675382
10.645923
10.765183
10.817418
10.992259
10.786733
10.856318
10.615936
10.544817
10.796755
10.719089
11.058158
10.884882
10.742068
10.796404
11.241768
11.220781
11.218200
11.100473
11.030186
10.648463
11.005929
10.984615
10.942528
10.966547
11.047281
10.738108
10.851420
10.786278
11.030017
10.893913
11.096201
11.234665
11.209335
11.260120
11.275568
11.245105
11.331371
11.109950
11.488649
11.655399
11.348665
11.669399
11.725350
11.510508
11.498406
11.491322
11.555605
11.495757
11.464859
11.467738
11.627648
11.665143
11.595572
11.582186
11.200267
11.464023
11.205764
11.294159
11.284956
11.550321
11.361030
11.367876
11.315741
11.310345
11.630408
11.585259
11.399739
11.511020
11.538645
