3.585885
3.926007
3.756535
3.615562
3.657703
3.867303
3.652053
3.814868
3.974704
3.891120
3.876858
3.399223
3.700141
3.826755
3.645779
3.692894
4.107523
3.542537
3.403511
3.594890
3.823862
4.052833
3.728676
3.740353
3.483467
3.677492
3.719402
3.999629
3.794455
3.698795
3.571660
3.883223
3.997624
4.112025
3.710883
3.734747
3.506541
3.538169
3.615987
3.590920
3.794990
3.958380
3.916297
3.874213
3.906650
3.939087
3.971524
4.104149
3.939121
3.774093
4.007424
4.438409
4.869394
4.518417
4.167440
4.204080
4.240720
4.047204
3.582242
3.574668
3.567095
3.559521
3.521876
3.585263
3.873379
3.741640
3.658299
3.504508
3.314414
3.408536
3.528559
4.043295
4.000973
3.858525
3.766280
3.674034
3.575787
3.576874
3.590639
3.674028
3.625275
3.720994
