4.200262
4.222516
3.991905
3.977431
3.962957
3.958915
3.954874
4.175722
4.333935
4.492149
4.417312
4.342476
4.267640
4.164636
4.141009
4.097042
4.053075
4.009108
4.000032
3.940991
3.971337
4.001683
4.032028
3.956358
3.880687
3.805017
3.805034
3.805051
3.805068
4.031398
4.070080
3.778039
3.712369
3.562886
3.523863
3.667329
3.478658
3.587162
3.595257
3.384490
3.322070
3.342398
3.445483
3.320304
3.208003
3.220994
3.233986
3.268741
3.335681
3.345665
3.416731
3.237603
3.285978
3.498732
3.210826
3.160296
3.465676
3.612141
3.458309
3.445357
3.432406
3.359699
3.161325
3.439730
3.519807
3.599884
3.679962
3.518599
3.366268
3.442421
3.518573
3.477516
3.537996
3.598905
3.458993
3.496304
3.559297
3.569814
3.463226
3.763165
3.928135
3.885915
3.846292
3.806669
3.782903
3.759137
