4.546140
4.383381
4.380505
4.546719
4.489482
4.432245
4.482498
4.537428
4.468105
4.469439
4.413627
4.411377
4.389984
4.443426
4.724761
4.476773
4.440999
4.273068
4.481640
4.442852
4.482011
4.432326
4.411829
4.463136
4.551154
4.480011
4.429337
4.421440
4.410116
4.195808
4.210493
4.166141
3.968950
4.105095
4.073121
4.044595
3.958692
3.939196
3.864221
3.976171
4.063722
4.113842
3.977142
3.853329
3.921234
3.913312
3.874799
3.875263
3.853771
3.746683
3.653224
3.610795
3.628088
3.578353
3.443888
3.511930
3.592150
3.593744
3.588649
3.659836
3.700488
3.657624
3.820100
3.764465
4.012356
3.934393
3.953123
3.878064
3.653784
3.700411
3.740120
3.721675
3.750899
4.039638
4.123393
4.180457
4.263187
4.206926
4.339441
4.350444

