8.498634
8.329358
8.603010
8.686480
8.703644
8.720809
8.737973
8.904594
8.713505
8.661607
8.639733
8.501663
8.363592
8.618862
8.391151
8.240946
8.199521
8.227003
8.263362
8.474158
8.590850
8.667732
8.426331
8.578246
8.730160
8.557252
8.696503
8.662957
8.668693
8.802707
8.853180
8.991426
9.143734
9.099632
9.055974
9.096107
9.273885
8.821445
8.985453
8.988233
9.109700
8.782517
8.863122
9.054357
9.149756
8.951644
9.036623
8.765578
8.792970
8.820362
8.951516
9.047891
8.963298
8.996057
9.343721
9.164342
9.280481
9.362126
9.508527
9.670024
9.537705
9.564329
9.597128
9.526092
9.509539
9.665233
9.686932
9.708631
9.623488
9.440508
9.651191
9.653137
9.680003
9.661433
9.447075
9.781590
9.655044
9.504993
9.731220
9.566183
9.929323
9.848558
9.576610
9.467816
9.359021
9.448119
9.617865
9.567693
9.496633
9.425573
9.475544
9.204184
9.464136
9.364752
8.880239
8.395726
9.299700
9.215499
9.071511
7.842746
8.931555
8.886930
8.806187
8.725445
8.400330
8.075033
8.283940
8.291328
8.298717
8.269892
8.241068
8.212244
8.183420
8.402219
8.327236
8.221315
8.284233
8.347152
8.446011
8.500794
8.234109
8.310825
7.829577
8.022460
8.034951
7.988248
7.819387
7.664827
7.628472
8.019440
8.189658
7.967680
8.069550
8.141782
8.020134
8.097188
8.223374
8.164909
8.021789
7.986116
7.950444
7.914771
7.842679
7.703048
7.830742
8.057844
8.120675
8.028929
8.000343
8.013920
8.202401
8.188820
8.087726
8.342035
8.102428
7.959975
7.956311
7.952647
7.948984
8.113759
8.114126
8.114492
8.185315
8.209349
8.233384
8.236947
7.766684
7.677499
7.588313
7.269420
7.489619
7.583605
7.509501
7.510544
7.669480
7.717813
7.927037
8.136260
7.943151
7.865660
7.871282
7.876903
7.882525
7.707806
7.524279
8.059102
7.845520
7.615157
7.335002
8.058758
8.026332
7.993906
7.896978
7.800050
7.311906
7.441541
7.152888
7.255010
7.173085
7.216761
7.187686
6.941395
6.877296
6.978741
6.977565
7.025782
7.073999
7.242553
7.526808
7.175225
6.823643
7.160352
