11.336426
11.326684
11.298944
11.269940
11.071135
11.048970
11.085711
10.848108
10.920020
11.085870
10.900079
11.146216
11.053156
10.991981
11.114352
11.009294
10.830982
10.717483
10.836434
10.688216
10.590882
10.334129
10.436640
10.662664
10.669217
10.705786
10.645212
10.713678
10.603382
10.720992
10.629021
10.837266
10.705863
10.919815
10.871834
10.768553
10.942569
10.793691
10.741876
10.760312
10.590148
10.858004
10.556532
10.824449
10.839852
10.801997
10.992726
10.830053
10.743238
11.050878
10.778109
11.094729
11.044547
11.055515
10.970059
10.997167
10.967360
10.988767
10.732094
10.944967
11.040317
10.721581
10.814866
10.651872
10.955358
10.705249
10.589345
10.919451
10.690062
10.472495
10.546115
10.650135
10.491157
10.445604
10.695928
10.661847
10.706060
10.689002
