10.691979
10.863084
10.927142
10.692277
10.796697
11.395763
11.859240
11.011033
10.816946
10.893170
10.905562
10.594035
10.868682
10.512499
10.690747
10.865433
11.086492
10.995444
11.001933
10.679420
11.091541
10.979658
10.693943
10.666400
10.574333
10.998148
10.677936
10.826430
10.878564
10.717460
10.919269
10.569528
10.236808
10.612339
10.586032
10.578743
10.798802
10.902080
10.989780
10.829154
10.558209
10.801446
10.884551
10.948994
10.803326
10.905838
10.948879
11.131302
10.346192
10.485527
10.213187
10.223860
10.018686
9.986560
10.125617
10.161814
10.074915
10.072557
10.247071
10.085905
10.467875
10.409309
10.079824
10.072516
10.630346
10.248408
10.096789
9.914619
10.021623
9.644149
9.780124
9.722748
10.040787
9.789165
10.132029
10.140474
9.878003
9.932166
9.679442
10.018762
10.113097
10.085999
10.162708
10.023788
10.429361
9.820118
9.894103
10.100094
10.151298
10.146413
9.684785
9.894036
9.881040
9.744477
9.949017
9.835648
9.991051
9.970748
9.929073
10.027080
9.959962
10.071625
10.054132
10.185585
9.762389
9.979993
10.092065
9.705233
9.619725
9.842628
10.227640
10.154888
10.025120
9.815337
9.468285
9.646893
9.720018
9.734236
9.546684
