4.416147
4.314511
4.420261
4.280608
4.379008
4.397496
4.250187
3.890479
3.978545
3.932223
3.909613
3.828320
3.979434
3.965024
3.853398
4.078133
4.147847
4.123421
4.026554
4.291916
4.212842
4.136867
4.037944
4.258046
4.114689
4.028245
3.865849
3.765022
3.595579
3.684947
3.792236
3.630507
3.512062
3.528022
3.468822
3.607487
3.609170
3.532538
3.470263
3.424468
3.340807
3.308388
3.242841
3.349904
3.308046
3.315747
3.221833
3.269284
3.235854
3.227073
3.224003
3.230547
3.135552
3.102530
3.099457
3.152444
3.236475
3.339416
3.259993
3.234104
3.299678
3.272423
3.163074
3.272571
3.559223
3.534381
3.504842
3.591522
3.620506
3.838552
3.838128
3.800770
3.873986
3.992861
3.973101
3.795175
3.765230
3.731125
