9.203392
9.207175
9.384079
9.336678
9.220457
9.104672
9.206254
9.199628
9.193002
9.330450
9.318236
9.250811
9.008403
9.342739
9.121697
9.082756
9.054691
8.983974
9.226508
9.027590
9.212477
9.170854
9.136469
9.067835
9.228337
9.040084
8.993868
9.435572
9.241994
9.226959
9.403038
9.223141
9.418888
9.209809
9.219376
9.291519
9.256808
9.510833
9.325603
9.315949
9.186021
9.537912
9.281943
9.335037
9.288759
9.350691
9.486931
9.320433
9.628128
9.744226
9.353999
9.661773
9.389679
9.326740
9.485853
9.346414
9.327401
9.340769
9.567536
9.300612
