7.878783
7.661248
7.805612
8.049500
8.294918
8.003018
8.123320
8.170743
8.083846
7.901893
8.221872
8.222501
8.227239
8.213956
7.959216
7.552840
7.334830
8.136787
8.328796
7.845012
8.355060
8.305237
8.168234
8.383303
7.912214
8.190299
8.026346
8.108442
8.232897
8.357351
8.512868
8.677293
8.841718
8.925554
8.672689
8.870148
9.067607
8.843456
9.058342
9.104819
8.842101
8.879389
8.828889
8.493871
9.005799
8.679994
8.804567
8.796784
8.840466
8.870922
8.849972
8.804633
9.201500
8.836033
9.168718
8.969215
8.791369
8.927905
8.702825
8.767484
8.865262
8.593021
8.827902
9.170000
8.999976
8.829951
8.659927
8.774077
8.877489
8.671263
8.757606
8.643988
8.540441
8.670210
8.799979
8.725827
10.008217
8.774804
9.478591
9.040115
9.360908
9.316078
9.341560
9.281012
9.220464
9.349566
9.478668
8.988309
8.962179
9.733661
9.692361
9.732400
9.737753
9.708343
9.624114
9.539885
9.665772
9.885042
9.715837
9.577844
9.550094
9.628708
9.190414
9.268508
9.346602
9.424696
9.876681
9.878310
9.941979
9.712139
10.206395
9.925805
9.872024
9.818242
10.186446
9.654219
9.950642
9.942057
10.050444
10.164164
10.277885
10.300321
10.495257
10.341516
10.848358
10.353148
10.588835
10.650106
10.463908
10.558709
10.690376
10.459418
10.366147
10.385785
11.219153
10.860534
10.354515
10.235321
10.105334
9.420000
10.084354
10.013958
10.104325
10.586539
9.888320
9.969270
9.797940
10.147359
10.132397
10.148806
10.331497
9.983111
10.318857
10.064910
10.194116
11.203841
10.464236
9.366260
9.946728
