8.653728
8.566613
8.634470
8.514388
8.411550
8.594297
8.604078
8.859962
8.999432
8.953641
8.992455
9.140230
9.205380
9.322454
9.296710
9.198272
9.425799
9.644470
9.532832
9.436428
9.107372
9.300893
9.560601
9.282322
9.357928
9.311058
9.380600
9.611913
9.313056
9.154176
9.211808
8.838281
8.956100
8.741318
8.198049
8.429497
8.969355
8.572998
8.679930
8.881525
8.842246
8.817276
8.942325
8.845133
8.937930
9.080002
8.768143
8.582090
8.281104
8.188227
8.775870
8.842974
8.836694
8.861031
9.075073
8.924808
9.012355
8.630027
8.994746
8.725477
8.812627
9.053164
8.975083
8.849429
8.783696
8.747487
8.987358
8.492136
8.939219
9.045981
9.077087
8.849530
9.135735
9.016741
9.228650
9.137026
9.060245
9.030041
8.905359
9.220998
9.143152
9.215331
9.500132
8.947807
8.855241
9.051127
8.805408
8.960556
8.814056
8.970284
9.078538
8.982404
8.938436
8.995387
9.231354
9.296056
9.012310
9.138251
9.449649
9.053880
9.028220
8.964113
8.979226
9.047848
9.102118
9.102636
9.332575
8.853935
9.206699
