9.829506
9.730516
9.654704
9.615942
9.552752
9.489562
9.426372
9.363182
9.346847
9.529957
9.360518
9.610586
9.450236
9.616962
9.753038
9.654983
9.556928
9.458873
9.258372
9.057872
9.329216
9.406975
9.526744
9.646513
9.713176
9.679236
9.916003
9.917240
9.420016
9.366104
9.323433
8.971116
9.154086
9.337055
9.430170
9.523285
9.158444
9.278141
9.138191
8.998240
9.078211
9.295096
9.191252
9.127468
9.050439
8.973410
8.695170
8.526402
8.634022
8.741658
8.849294
8.956931
9.064567
9.088505
9.112444
9.090982
9.175926
9.260871
9.345816
9.373592
9.215457
9.288017
9.360576
9.433136
9.505696
9.451697
9.240064
9.751062
9.465295
9.650065
9.568911
9.885131
9.932828
9.805184
9.817489
9.829794
9.842099
9.943086
9.828629
9.898472
9.968316
10.038159
10.443250
10.400810
10.152912
9.905014
10.333261
10.151154
10.218850
10.424930
10.466575