8.742160
8.064788
7.530549
7.305176
7.221042
7.505957
8.198372
7.554348
7.392566
8.637417
9.225077
9.222422
9.102662
8.747735
9.039055
8.807018
7.963250
8.767214
8.838404
8.896086
8.932541
8.868065
8.830351
8.723852
8.625367
7.569661
7.620904
7.206204
7.559708
8.323101
8.326727
8.380645
8.170461
7.657873
8.066864
8.762960
8.579568
8.755927
8.463442
8.468293
8.586524
8.810202
8.501684
8.116838
7.699107
6.849387
7.356039
8.191690
8.795142
9.128834
9.286562
8.848802
9.038243
9.282853
9.085330
9.389274
9.526912
8.981657
9.069221
9.167793
9.111646
9.226490
9.105230
9.213710
9.030088
9.096861
9.227857
9.636768
9.181081
9.431178
8.958194
8.920149
8.812629
9.115950
9.436809
8.884956
8.727813
9.032424
