4.712283
4.657609
4.679439
4.803947
4.569826
4.537513
4.501673
4.654330
4.598521
4.449231
4.638892
4.607726
4.545632
4.697732
5.405352
5.511170
5.785492
5.601979
5.667105
5.961439
5.755084
5.724845
5.800808
5.663690
5.717004
5.853770
5.928985
6.153007
6.377029
6.040820
5.704610
4.707471
4.796301
4.801137
5.173703
5.041846
5.039515
5.009491
4.904675
4.851804
4.795658
4.460538
4.629571
4.649187
4.472256
4.495542
4.524026
4.496160
4.554004
4.611849
4.676535
4.741221
4.537965
4.665698
4.673941
4.456180
4.487279
4.539994
4.319069
4.247451
4.054008
3.922276
3.997280
4.256600
4.332631
3.981641
4.216700
4.246069
4.144658
4.409299
4.124461
4.494950
4.493851
4.528070
4.585784
4.530041
4.576724
4.520020
4.408721
4.246381
4.402354
4.398034
4.393714
4.592659
4.512840
4.569149
4.639244
4.720219
4.454520
4.717796
4.651472
4.628018
4.554969
4.451185
4.714953
4.662195
4.874943
4.757857
4.761133
4.764408
4.976686
4.765275
4.702049
4.607897
4.523954
4.524057
