8.117607
8.288880
7.998590
8.359392
8.894919
8.717670
8.456536
8.153301
8.214502
8.003442
8.115277
8.086172
8.166565
7.910050
8.134959
8.262084
7.856770
8.010492
7.979644
7.954338
7.942551
7.873320
7.915469
7.748778
7.673054
7.739072
7.788646
7.684395
7.748876
7.686530
7.773066
7.833708
7.978392
7.905183
7.999955
8.118025
7.916501
8.203084
8.150634
7.811389
8.290557
8.024127
7.986916
7.949581
8.189144
8.202747
8.261010
8.148001
8.332886
8.386789
8.344283
8.371058
8.177461
8.158307
8.096594
8.408119
8.143584
8.287026
7.989830
7.944029
7.962849
7.679230
7.902024
7.790172
7.929025
8.180296
8.161746
7.971153
8.226456
8.211031
8.079948
8.320599
8.269393
8.045154
7.927204
8.281357
8.023011
8.014985
7.943398
7.938385
8.178501
8.184406
8.314149
8.482590
8.327613
8.509038
8.503462
8.097162
8.528643
8.840837
8.884612
9.034393
8.878083
8.806944
8.974235
8.971894
9.034250
9.026341
9.048581
8.874812
9.011658
8.884045
8.927560
8.810251
9.018960
8.789696
8.702355
8.653807
8.752556
8.698770
