8.697289
8.658420
8.791859
8.728702
8.822058
8.873367
8.818710
9.107884
9.225955
9.294811
9.309647
9.406511
9.321780
9.824902
9.345177
9.379087
9.298360
9.242773
9.287034
9.184040
9.105934
9.240559
9.243320
9.445410
9.498718
9.344751
9.392530
9.665230
9.538949
9.701220
9.527442
9.709294
9.566998
9.862831
9.964705
9.962258
10.142175
10.154308
10.200376
10.137569
10.465199
10.264054
10.091065
10.664305
10.448548
10.377625
10.504583
10.509862
10.713687
10.776966
10.988389
10.847820
10.905123
10.821903
10.742119
10.729680
10.589960
10.486904
10.360923
10.519408
10.538549
10.242607
10.282528
10.247853
10.158865
10.023681
10.129482
9.946566
9.986225
9.981044
10.056480
10.079927
10.103374
9.962094
